9,-0.1669,0.045375,0.023671,0.012839,0.01307,0.063287,0.028682,0.010268,-0.024079,-0.18362,-0.16207,-0.20429,0.082003,0.37305,-0.31969,-0.25676,0.40804,0.38549,0.25961,-0.62034
18,-0.032103,-0.060281,-0.050627,-0.067577,0.057284,0.29798,-0.16896,-0.031765,-0.28265,-0.066563,0.098489,-0.17096,0.030316,-0.060679,-0.24475,-0.36373,0.068153,0.030034,-0.54418,-0.63178
1,-0.093901,0.076227,-0.049463,0.021488,-0.021842,0.03152,0.019955,0.098965,-0.078553,-0.03726,-0.094202,0.028888,-0.10683,-0.18451,0.38069,0.22633,0.11989,-0.0026804,-0.47107,-0.81373
5,-0.00069523,0.076893,-0.095424,0.10989,-0.0226,0.022954,-0.083491,0.0085015,-0.042582,-0.045876,0.19247,0.10797,0.084755,0.062818,0.44456,-0.084847,0.042128,0.23567,0.47567,-0.76921
4,-0.12953,-0.096702,0.056326,-0.10432,0.11971,-0.17672,-0.14948,-0.27063,0.34208,0.12714,0.0016316,-0.21843,0.21017,-0.47459,0.10558,0.31527,0.01166,0.3478,-0.54066,-0.51577
3,0.11299,-0.019099,0.02284,-0.074561,0.12538,0.064227,-0.17326,0.0052477,0.043441,0.039386,-0.011639,0.28709,-0.16975,-0.54256,0.11155,-0.061282,0.41585,0.094531,0.41897,-0.68673
25,0.15902,-0.037126,0.033393,-0.068022,0.11817,0.14486,0.094475,0.0056317,0.0060638,-0.20217,0.23869,-0.13902,0.26249,0.19701,-0.005289,0.11246,0.39606,-0.051544,0.14148,-0.74075
3,0.06277,0.050857,0.0011535,0.077946,0.23978,-0.088193,-0.085126,0.15201,-0.28268,0.26955,-0.11915,-0.098854,-0.028468,-0.33265,0.059406,-0.16964,0.1754,-0.12943,0.62676,-0.6983
48,0.012589,-0.18872,-0.074317,0.085337,-0.12085,0.24586,0.0026644,-0.20137,0.04556,0.11553,-0.099341,0.15944,-0.0064137,0.35236,-0.096616,0.04087,-0.40849,-0.22333,-0.46338,-0.72913
1,-0.023959,0.10109,-0.15389,0.023873,0.041562,-0.072249,-0.093721,0.13618,0.054118,0.080394,0.0029521,-0.0085623,0.13628,0.16942,-0.24718,-0.56694,0.29529,-0.39708,-0.21475,-0.65569
12,-0.013764,-0.062214,-0.1987,0.063441,0.082588,0.25459,-0.041565,-0.038859,-0.072279,0.1299,-0.13115,-0.0464,0.20175,-0.35997,-0.19231,-0.78233,0.20756,-0.44804,-0.12839,-0.36669
12,0.024731,0.043809,0.0081413,-0.083196,0.040232,0.25183,0.36881,0.066413,-0.0054508,0.3846,0.22603,0.23804,-0.078882,0.19888,0.12941,-0.71512,0.018887,0.07503,0.043811,-0.4351
47,-0.10438,0.018187,-0.14638,-0.11331,0.17107,0.18166,-0.070711,-0.0046141,0.20729,-0.14053,0.1509,-0.16903,0.12311,-0.19807,-0.09548,0.56313,0.15414,-0.091866,0.30947,-0.62412
42,-0.10466,0.16191,0.055517,-0.15904,-0.07954,-0.044231,-0.031973,-0.018244,0.30159,0.049718,0.2816,-0.28172,-0.10685,0.37765,-0.44505,0.02227,-0.097205,0.11301,0.3114,-0.71934
31,0.07474,-0.053222,-0.031042,0.043401,0.14322,-0.047792,-0.26273,0.081417,0.028957,0.012369,-0.0010717,-0.079957,0.27974,-0.66993,-0.030308,-0.52939,-0.29675,0.29939,0.052077,-0.5519
3,-0.035187,0.056351,0.13421,-0.06608,-0.12879,-0.070577,0.038451,-0.012418,0.063665,0.15362,0.26012,-0.12637,-0.18524,-0.27659,-0.42997,0.34642,0.37784,-0.44649,0.1326,-0.5933
7,0.11706,0.060515,-0.047304,0.010423,0.0062902,-0.077333,-0.14148,0.032649,0.030801,0.083452,-0.20421,0.15774,-0.38718,0.18791,0.041328,0.19704,0.015346,-0.1705,0.37577,-0.81769
17,-0.009664,-0.02246,-0.018725,0.074883,0.0026918,-0.22278,0.12268,-0.087703,-0.022346,0.010809,-0.047072,-0.054836,0.10452,-0.24898,0.041074,-0.57119,0.053791,-0.61225,0.32051,-0.51689
12,0.14525,-0.028328,-0.059635,0.042453,0.21951,-0.22163,-0.20167,-0.11779,-0.0053794,0.097899,-0.0062679,0.20096,0.12182,-0.01295,0.17526,0.075556,-0.20459,0.59446,-0.4013,-0.6674
14,0.17084,-0.23925,-0.11247,-0.21215,0.17603,-0.11479,0.21794,0.17056,0.0054863,-0.1011,-0.015793,-0.26005,-0.018457,0.16658,-0.14974,-0.14264,0.16535,0.11166,-0.036625,-0.82068
1,0.055945,0.017162,0.01607,-0.0096897,0.050336,0.04476,-0.08353,0.12521,-0.15132,-0.055917,-0.08545,0.025149,-0.039619,0.092049,0.2544,0.40745,-0.070884,-0.22581,-0.26352,-0.88246
1,0.014726,0.022888,0.15947,0.12796,-0.10604,0.0043761,-0.13045,-0.088387,-0.086935,-0.10662,0.060051,-0.06767,0.28741,0.2467,-0.27866,-0.1777,0.50288,-0.30427,-0.25291,-0.704
8,-0.0047854,-0.14213,0.016548,0.032636,-0.04229,-0.18803,-0.13986,0.078409,0.004664,-0.049619,-0.043308,0.051334,-0.059529,-0.50843,-0.037229,-0.15215,0.33838,-0.60245,0.38437,-0.58511
11,0.024688,0.026492,-0.065835,0.044244,0.051954,0.14432,0.18289,-0.10488,-0.042649,0.40327,0.0053144,0.12198,-0.06697,-0.25307,-0.058977,-0.80177,0.15078,-0.10031,0.35932,-0.47276
1,-0.03677,0.10882,-0.072656,0.038729,0.10307,-0.10616,-0.0081885,0.028357,0.022517,0.058944,-0.014195,0.12393,0.19406,0.29584,-0.03164,-0.2204,0.39683,-0.31368,-0.26806,-0.81512
4,-0.034462,0.12411,-0.00029967,-0.061759,0.049393,-0.032393,-0.070273,-0.19189,-0.10935,0.040141,-0.0091528,-0.35558,0.016697,-0.14756,0.28152,-0.51035,-0.35724,-0.209,0.52232,-0.42039
6,-0.021499,-0.069006,0.01938,-0.14148,-0.071033,0.048768,0.19475,-0.10857,-0.24279,0.011207,0.054913,0.15708,0.13947,-0.4347,-0.16496,0.17009,-0.24569,0.37586,0.0092768,-0.793
29,-0.07659,0.1572,-0.05519,-0.056277,-0.026648,-0.053295,-0.00046073,0.0091131,0.59357,-0.31397,0.15572,-0.060076,0.29357,0.064036,0.27316,-0.11271,0.027604,0.15491,-0.048063,-0.79523
13,-0.11055,-0.07976,0.034337,-0.035708,0.18978,0.014319,0.27207,-0.072841,-0.19866,0.095938,-0.2458,-0.18418,-0.33517,0.12075,-0.25153,-0.14695,0.29292,0.31922,0.052297,-0.74597
2,-0.044651,0.022968,-0.004932,0.070391,-0.12556,-0.059599,-0.02969,0.10022,-0.0095939,-0.072956,0.11224,0.072508,0.040359,0.13846,-0.15976,-0.13437,-0.12072,-0.19937,-0.86282,-0.59103
6,-0.17633,-0.10393,0.07031,-0.11178,-0.13538,0.037328,-0.077018,0.1571,-0.085899,0.10463,0.15843,-0.1318,-0.15459,-0.60754,-0.39344,0.10094,-0.1404,0.48159,0.21242,-0.61299
3,0.049065,0.02491,-0.16101,-0.06102,-0.028948,-0.20231,0.21623,-0.072107,-0.031326,0.075475,-0.11141,-0.17584,0.11338,0.072511,-0.099248,0.59542,-0.35489,-0.21787,0.096689,-0.65373
1,0.017042,0.064071,0.078012,0.098337,-0.053683,-0.087616,-0.10986,-0.086716,-0.051881,-0.080558,-0.05405,-0.019588,0.18437,0.31818,-0.30399,-0.14186,0.37615,-0.33848,-0.36068,-0.70387
3,-0.16334,0.13612,-0.035839,0.024944,-0.016546,-0.21434,0.057359,-0.002312,0.17714,0.21436,0.0029262,-0.12203,0.14191,0.16159,0.015411,0.53608,-0.22589,-0.06251,0.13751,-0.77161
13,0.013738,-0.13415,-0.068094,-0.052324,0.10506,-0.0827,0.27937,0.21943,0.34563,0.04004,-0.011444,-0.35861,-0.043922,0.15295,-0.040066,-0.0010068,0.23813,0.20065,-0.012,-0.76548
18,0.070668,-0.021561,-0.067699,0.0021739,0.047071,0.079084,0.12172,-0.20258,-0.10266,-0.38294,0.13963,-0.037887,-0.23554,-0.17974,-0.07964,-0.066093,0.021733,0.24151,0.13404,-0.84966
13,0.10613,-0.065415,0.076297,-0.021296,0.10896,-0.069631,0.20338,-0.2088,-0.18895,-0.25578,0.16489,-0.023122,-0.28811,-0.069862,-0.45659,-0.1604,0.059093,0.20898,-0.045914,-0.77372
9,0.015896,0.1974,0.024154,0.003645,-0.068914,0.011489,0.035351,-0.0040074,-0.0041249,-0.1339,0.061249,-0.12086,0.24985,0.23048,0.094041,-0.31078,0.32089,0.1522,0.5642,-0.7087
5,-0.012501,0.026172,0.0016115,0.032388,-0.11275,0.058602,-0.001163,0.027572,0.082391,-0.017444,0.11817,0.093115,0.16959,-0.016365,0.44695,-0.12378,0.14281,0.32801,0.39665,-0.76606
44,0.0030957,-0.15056,-0.0078504,0.038972,-0.037659,-0.039138,0.015506,-0.26468,-0.097345,0.0052056,0.07408,0.28479,-0.18308,-0.0068538,-0.69385,-0.17999,0.081995,0.14191,-0.10805,-0.7426
2,0.012995,0.0087543,-0.058577,-0.00037035,0.066613,-0.030294,-0.032011,0.093026,-0.10896,-0.061676,0.047712,0.082656,-0.02963,0.049901,-0.015243,-0.16096,-0.3543,0.50806,-0.59269,-0.63825
30,0.057632,0.006974,0.057794,0.1091,-0.24162,0.050697,0.085452,-0.088446,-0.010866,-0.047501,0.2133,-0.14307,0.21155,0.30101,-0.65185,-0.058414,0.21087,0.18864,0.14634,-0.71578
3,0.10979,0.015807,-0.021837,0.077958,-0.12419,0.011445,0.14092,0.013722,0.097197,-0.047922,-0.2964,-0.07284,0.041073,0.13051,-0.03014,0.41225,-0.55225,-0.23378,-0.0049649,-0.65473
2,0.03284,0.033493,0.046653,-0.039118,0.016506,0.015496,0.049585,0.1386,-0.1396,-0.014369,0.15516,0.16854,0.0099477,0.038315,0.03952,-0.19959,-0.41659,0.38126,-0.60561,-0.61673
8,0.089796,-0.13107,-0.01301,0.086733,-0.10723,-0.0090972,0.066129,-0.078436,-0.039879,-0.060297,0.23582,-0.10472,-0.19615,-0.070181,0.15586,0.17505,0.47718,-0.40958,-0.18443,-0.77369
2,-0.022763,0.032361,0.063571,0.048212,-0.026742,-0.00030012,-0.081482,0.08327,-0.026896,-0.06402,0.15831,0.065412,0.13471,0.07132,-0.093747,0.051585,-0.38382,0.087264,-0.80722,-0.6018
9,-0.089595,0.1335,0.0042078,0.027445,0.00065475,-0.060978,0.0080825,0.077504,0.052543,-0.39188,-0.11445,-0.024568,0.25927,0.36647,0.089321,-0.018316,0.50434,0.0029702,0.35213,-0.67982
4,0.012355,-0.050303,0.14495,0.14259,0.074042,-0.1239,-0.13792,-0.18534,0.093741,0.10237,-0.20511,0.067005,0.30377,-0.16537,0.10909,0.45736,-0.18333,0.24324,-0.32986,-0.75643
9,-0.13868,0.080115,0.042071,-0.0062887,0.071825,-0.096704,-0.02955,0.057122,0.022046,-0.25836,-0.21911,-0.07233,0.21216,0.30455,-0.012433,0.01507,0.55187,0.10615,0.38019,-0.69257
13,0.064239,-0.092076,0.18131,0.022141,0.09109,-0.10523,0.23982,-0.07923,-0.13455,-0.074537,-0.14579,-0.31628,-0.060442,0.24898,-0.35456,-0.187,0.36916,0.28471,0.19447,-0.66024
5,-0.0098312,0.032894,-0.031957,0.021307,-0.00059237,0.049936,0.0035791,-0.0040359,-0.059021,0.22741,0.13355,0.08737,0.014041,-0.25457,0.50613,-0.22101,0.02981,0.035373,0.55961,-0.68281
13,-0.058403,-0.17557,0.16369,0.29577,0.049518,0.05605,0.19563,0.043607,-0.047205,0.057302,-0.14343,-0.47772,0.085219,0.20088,-0.19124,0.0055382,0.30095,0.17358,0.15335,-0.74766
2,-0.031414,-0.042809,0.011981,0.029382,-0.079322,-0.052828,0.10627,0.13263,0.0080411,0.013507,0.094596,0.067476,-0.031563,0.20294,-0.068749,-0.35571,-0.21976,0.68603,0.1111,-0.67908
6,0.036393,-0.0951,0.075387,-0.083282,0.040981,0.034054,-0.012896,-0.021595,-0.21601,-0.17602,-0.0058309,0.35378,0.15121,-0.41482,-0.13635,0.093494,-0.20274,0.26486,0.12548,-0.83735
39,-0.0071407,0.13143,0.06566,0.0052021,0.12444,-0.10627,0.094683,-0.18801,0.096915,-0.16079,-0.04364,0.397,-0.27354,-0.144,0.074026,0.008851,-0.11574,-0.11928,0.015464,-0.86809
2,0.039571,0.0054199,0.066449,0.096399,-0.045385,-0.12868,-0.026407,0.12841,-0.038314,-0.033492,0.2387,0.04234,0.0029342,0.20343,-0.23965,-0.32623,-0.30388,0.68077,0.30358,-0.60684
10,-0.097687,0.039836,0.0082584,-0.027597,-0.14997,0.12435,-0.11995,-0.22858,0.016742,-0.1107,0.21913,-0.28111,-0.38087,0.23067,0.018258,-0.36321,-0.29857,-0.4656,-0.092004,-0.65705
8,-0.030316,-0.050591,0.21297,0.081246,-0.032731,-0.10983,0.10953,0.21507,-0.24266,-0.052801,0.28024,0.23672,-0.20346,-0.14975,-0.050029,0.035341,0.32454,-0.72692,-0.076667,-0.57534
2,-0.068317,-0.080338,0.0035434,0.087891,-0.0033974,-0.10142,0.096862,0.038204,-0.11173,0.09956,0.16857,0.11046,0.024881,0.36046,-0.034614,-0.22725,-0.10277,0.51451,0.42603,-0.69881
8,0.04391,-0.030037,0.01983,0.0039764,-0.161,-0.066148,0.037841,-0.0039661,0.017849,-0.053928,0.069887,0.20053,-0.032369,-0.076299,0.1538,-0.17517,0.56308,-0.47044,0.28163,-0.73941
30,0.1729,0.033756,-0.13578,-0.18388,-0.13602,0.045316,-0.029304,0.16279,0.2088,-0.22245,-0.10208,-0.22311,-0.12566,-0.14048,0.42068,0.10868,-0.030881,-0.13248,0.29079,-0.75873
48,0.14632,-0.090105,-0.054883,0.024986,0.0016302,0.14462,-0.15389,-0.1067,0.054544,0.30941,-0.0058427,-0.017254,-0.062458,0.43644,0.21203,-0.10087,-0.42275,-0.045302,-0.41588,-0.74041
4,0.067373,0.11182,-0.10098,-0.075676,0.033627,-0.13677,0.013168,-0.0015321,0.014683,0.16289,-0.024433,-0.031871,0.0064893,-0.1289,0.11662,-0.67585,-0.20629,-0.40673,0.48903,-0.4491
29,0.065272,-0.18562,-0.074709,-0.31763,0.15404,0.18177,-0.12534,0.053487,0.14147,-0.37328,-0.032317,0.194,0.016029,0.10491,0.011158,0.027758,-0.10667,0.16307,0.16481,-0.84938
10,0.059711,-0.14162,-0.053005,-0.093908,-0.039136,0.085684,-0.070452,0.11377,0.11565,-0.041866,-0.40759,0.13564,0.060382,0.029833,-0.15903,-0.053016,-0.55023,-0.43239,0.23904,-0.59558
44,-0.10891,-0.031106,0.021386,0.1129,-0.029761,0.19506,-0.11662,-0.010219,-0.18908,0.16579,0.038349,0.025379,0.061289,0.45468,-0.43687,-0.10502,0.26883,0.21876,-0.21843,-0.78084
5,-0.020423,0.091997,0.065914,-0.097263,-0.077217,0.10997,-0.092697,0.032395,-0.0034381,0.13257,-0.11973,0.20477,-0.0469,-0.14805,0.25223,-0.0061034,0.46732,0.3795,0.32744,-0.70358
36,-0.01834,-0.22088,0.052682,0.092493,-0.076537,0.081579,-0.28746,-0.020556,0.029391,-0.13433,0.10587,-0.16403,0.37051,0.101,-0.058506,0.072998,0.42083,0.45565,0.5095,-0.5979
19,-0.13215,-0.034915,-0.33684,-0.050234,-0.03687,-0.035654,-0.049485,-0.032771,0.010763,0.2199,0.2573,0.19765,0.097249,0.014485,0.14896,0.69578,-0.091245,0.090316,0.17057,-0.6559
22,-0.076009,0.065086,0.095746,0.14988,0.46354,0.16299,0.028623,-0.013831,-0.24074,0.13022,-0.25467,-0.14169,0.26267,-0.11265,-0.15535,-0.13818,-0.28523,-0.54422,0.12652,-0.63745
32,-0.0081159,0.11509,-0.019929,0.082145,0.1396,0.26554,-0.12515,0.092833,0.077182,0.024074,0.16248,-0.17832,-0.067639,-0.21458,-0.080231,0.10698,-0.11283,-0.17385,0.16568,-0.68825
1,-0.060671,0.084634,0.015252,0.005426,-0.057124,-0.043346,-0.011856,0.17335,0.082382,0.033426,-0.016603,-0.015595,-0.28177,-0.10805,0.39325,0.092227,-0.36385,-0.0095432,-0.40972,-0.80362
7,-0.028295,0.051225,0.026953,-0.071368,0.043074,-0.02394,-0.11503,0.06537,-0.023,0.12109,-0.17318,0.25152,-0.097393,0.2992,0.072728,0.23066,0.076487,0.0036148,0.43677,-0.83341
15,0.088749,0.010607,0.0021975,0.20323,-0.058496,-0.23353,-0.17213,0.07848,-0.12169,-0.079257,0.14814,0.13742,0.054012,0.073511,0.16663,0.67857,0.0042586,-0.064333,0.50151,-0.61754
2,0.092466,0.069913,-0.019144,-0.11619,-0.067674,0.024422,-0.021724,0.081449,-0.072162,-0.0018478,0.075428,-0.0024382,0.038533,0.03192,0.14115,-0.33864,-0.17176,0.34004,-0.69243,-0.62786
10,-0.042025,-0.031509,0.049326,0.077865,0.13213,0.039415,0.0477,-0.26261,-0.00065963,-0.10197,0.14937,-0.37964,-0.14064,0.29351,0.24052,-0.243,-0.41173,-0.4647,0.046637,-0.63152
3,-0.0044477,0.077988,-0.056705,-0.11957,0.01513,-0.11687,0.20623,-0.065801,-0.047376,0.077512,-0.30254,-0.065797,0.13861,0.16793,-0.12362,0.48777,-0.29328,-0.27726,0.055461,-0.68991
18,0.14451,-0.15497,-0.13524,-0.16412,0.13799,0.089924,-0.018684,0.29282,-0.09121,-0.027995,-0.13764,-0.35397,-0.12766,-0.024161,-0.05369,0.081492,0.28307,0.22478,0.14742,-0.79482
3,-0.15078,-0.13466,0.085712,-0.10921,0.23724,-0.03423,-0.025945,0.055518,-0.21563,0.14656,0.28157,-0.082122,0.35581,-0.1071,-0.32594,0.45185,-0.19626,-0.34176,-0.10222,-0.64685
35,0.041842,0.038937,0.077223,0.0095785,-0.044223,0.093526,-0.055206,0.068161,-0.065473,0.10702,0.045258,0.18549,0.022965,-0.2389,0.3921,-0.063991,0.26669,0.32812,0.4229,-0.73026
39,0.039367,0.079268,-0.030437,0.061315,0.25315,-0.021315,0.24754,-0.30356,0.019426,-0.080071,-0.034728,0.34913,-0.27064,-0.070151,-0.011115,-0.043896,-0.05234,0.024453,-0.19257,-0.81776
19,-0.11101,-0.1011,-0.023053,-0.0080607,0.075414,-0.074837,0.075924,-0.057359,-0.071464,0.19116,0.22016,0.019081,0.094222,-0.012914,-0.088047,0.67374,0.05244,-0.19775,-0.32229,-0.71981
3,0.053878,0.13515,-0.073714,0.071891,-0.16059,-0.065557,0.29341,-0.23766,0.1152,-0.004359,-0.14552,-0.14033,0.28065,-0.051848,-0.1093,0.44171,-0.40826,-0.11406,-0.061438,-0.66089
4,0.079358,-0.13005,0.14465,0.04349,-0.1211,-0.064583,-0.18349,-0.12262,-0.058205,-0.082449,0.022204,-0.063205,0.097385,0.22733,0.036818,0.0312,-0.79977,-0.28847,0.39321,-0.47987
10,0.048097,-0.044731,-0.09998,0.033229,0.062745,0.08481,0.082375,0.16222,-0.11918,0.036953,-0.45839,0.016214,0.26882,-0.1607,-0.28729,-0.0088146,-0.44239,-0.47178,0.15501,-0.58901
3,0.12926,-0.11132,-0.10277,0.0074613,-0.10438,-0.22292,-0.036415,-0.024526,0.12697,0.0030733,0.062077,-0.16267,-0.47783,-0.28175,-0.33109,0.013993,0.28642,0.077414,0.38869,-0.74528
12,0.0036376,-0.090021,-0.19221,0.09475,-0.1726,0.10847,-0.21584,-0.32521,-0.002961,0.25051,-0.039329,-0.04828,-0.14757,-0.065363,-0.11068,-0.21364,0.34778,0.062992,-0.67945,-0.55872
6,-0.031793,-0.043238,0.10396,-0.045939,-0.11924,0.11021,0.039027,0.089761,-0.27155,-0.029406,-0.24522,0.19084,-0.15193,-0.34699,-0.28041,0.18789,-0.30017,0.30986,0.16663,-0.77058
40,0.17984,0.10009,-0.21873,0.070104,-0.059922,0.13906,0.29099,0.12006,0.15971,0.33382,0.1145,0.2671,-0.093105,0.20128,-0.17605,-0.43882,0.027517,0.061725,-0.31115,-0.65525
1,-0.05052,0.06098,-0.0037016,0.02427,0.040757,-0.054492,-0.010788,-0.046191,-0.046913,0.0017002,-0.042129,0.073837,0.18923,0.34885,-0.01261,-0.053311,0.34169,-0.27533,-0.36714,-0.81475
39,0.10152,0.27788,0.08907,0.16265,0.077171,-0.085614,0.057494,-0.026487,0.2394,-0.14298,-0.21061,0.27525,-0.35935,-0.24236,0.0186,0.031476,-0.17729,-0.028854,-0.060465,-0.80544
8,-0.001581,-0.04107,-0.044776,0.049339,-0.028653,-0.11875,-0.04801,0.14294,-0.03088,-0.098055,-0.13728,0.040372,0.095379,-0.35978,0.2448,-0.10964,0.35888,-0.42107,0.51211,-0.69872
19,-0.18086,-0.16838,-0.17718,-0.0013035,-0.0063168,-0.15519,0.072961,-0.076277,-0.079922,0.11497,0.08039,0.044389,0.15265,0.014237,-0.09325,0.78574,-0.27315,-0.14605,0.04477,-0.62632
38,0.047242,-0.009365,-0.13693,0.019193,0.21798,-0.058542,-0.12868,-0.090728,0.066592,0.24521,0.011789,0.086799,-0.1882,-0.21655,-0.66643,0.021952,0.2503,-0.47441,-0.23802,-0.52784
1,-0.028851,0.058319,0.028017,-0.0019384,0.053903,-0.052331,-0.016253,0.076034,-0.15714,0.022937,-0.04526,0.043315,-0.026101,0.048952,0.1918,0.3085,0.12414,-0.23538,-0.47197,-0.82778
38,-0.090076,-0.10615,-0.061253,0.1475,-0.042835,0.089174,-0.19499,-0.068913,0.04845,0.028189,0.12081,0.11351,-0.038752,0.11786,-0.44801,0.13638,-0.1081,-0.34027,-0.7843,-0.52584
1,0.0040185,0.07117,-0.011715,0.004467,-0.096959,-0.20031,0.080306,0.055,0.07647,-0.13172,-0.15155,-0.11136,-0.10022,-0.27979,0.42035,0.099521,-0.16367,0.1108,-0.42567,-0.76113
20,-0.042141,-0.077569,0.0077495,0.02095,-0.019883,0.084499,0.082616,-0.039023,-0.013626,0.25888,-0.027063,0.20947,0.028411,-0.10993,0.10433,-0.31331,0.62012,-0.30176,0.34189,-0.63741
7,-0.00070569,-0.0043605,-0.061329,0.042055,0.068935,-0.12109,0.039522,0.13194,0.13378,0.15619,-0.15882,0.22612,-0.29612,0.2613,-0.013343,0.10429,0.16567,-0.15091,0.33464,-0.82294
37,0.0016058,0.10953,0.082535,0.099847,0.060135,-0.12723,0.15198,-0.061949,0.10706,0.22606,0.13164,0.050577,-0.19216,0.37009,0.17394,-0.013157,0.21038,-0.41238,-0.054875,-0.81697
9,0.038387,0.037573,0.12535,-0.10892,-0.014062,-0.12015,0.053613,0.03815,-0.12754,-0.04736,0.021098,0.083683,0.084132,0.096754,-0.15413,-0.42093,0.22832,0.42775,0.48513,-0.6967
38,-0.23398,-0.012186,-0.15935,0.040069,0.094668,-0.13785,-0.27574,0.1794,0.21871,0.016222,-0.057981,0.39478,-0.056246,-0.3674,-0.43616,-0.024705,-0.37261,-0.38374,0.12906,-0.54224
30,-0.067263,0.040363,-0.025658,-0.00014622,0.20394,0.062017,0.12447,0.21433,-0.087159,-0.12708,-0.10314,0.065564,0.14512,0.30894,0.16713,0.17783,0.46896,-0.025582,0.22139,-0.78114
3,0.01339,0.030392,-0.0060965,-0.045919,-0.06351,-0.0034078,0.20243,-0.16209,0.10212,0.02761,-0.34446,0.029927,0.22825,-0.017194,-0.10238,0.53361,-0.23057,-0.17555,-0.050614,-0.72336
37,-0.029752,0.085068,0.0052884,-0.023861,-0.14267,-0.089422,-0.17223,-0.074817,-0.050783,-0.010192,-0.087711,0.11386,-0.45299,0.1718,-0.081907,-0.035989,-0.024968,-0.56929,0.035081,-0.77907
22,0.13159,-0.049139,0.12637,-0.076592,-0.14442,0.037769,-0.17866,-0.050151,0.059632,-0.19258,-0.048689,0.18881,-0.09717,0.38984,-0.35198,-0.30526,-0.26586,-0.6154,-0.085865,-0.61265
16,-0.045989,-0.032794,-0.031731,-0.4384,0.056558,-0.019935,-0.19221,0.13135,-0.055565,-0.13989,0.34136,-0.28557,-0.19866,0.23792,-0.43933,-0.24116,0.029438,0.002004,-0.40415,-0.60086
3,0.067669,0.095586,-0.054569,0.12816,-0.25273,0.040102,-0.037687,-0.34717,0.26931,0.23756,0.41282,-0.12949,-0.019849,-0.020826,-0.61383,-0.10827,0.14337,-0.23283,0.11136,-0.59459
27,0.14165,-0.087086,-0.011061,-0.031463,0.072949,0.29039,-0.24347,0.24612,0.2608,-0.039744,-0.02626,-0.14775,-0.35095,-0.10405,-0.058795,0.17458,-0.22602,-0.19721,0.21018,-0.68161
17,-0.066132,0.0093724,-0.033285,-0.035826,0.028355,-0.19197,0.13813,-0.065725,-0.014701,0.079265,-0.056434,-0.12764,0.10269,-0.24888,0.22809,-0.52353,-0.11621,-0.49464,0.44004,-0.51386
28,0.022016,-0.097195,0.044574,0.11289,0.0089583,0.20149,0.086844,-0.23711,-0.16017,-0.0042809,-0.11308,-0.0042758,-0.013356,-0.37334,-0.44606,0.28911,-0.36181,0.38843,-0.049028,-0.65715
26,-0.08586,-0.12565,0.10937,0.10944,0.057192,0.063221,0.11618,-0.090745,0.17904,-0.032862,0.14315,0.11127,-0.24763,0.077431,0.3663,0.15211,-0.21074,-0.14889,-0.23767,-0.78575
21,0.1114,-0.16829,-0.056784,-0.054405,0.044457,0.009178,-0.003248,-0.15742,-0.11375,-0.096248,0.054372,-0.1694,-0.02912,-0.027127,0.11182,-0.17762,0.21995,0.46785,0.55608,-0.65988
4,-0.079728,0.12863,-0.021693,-0.079517,-0.0094209,-0.077877,-0.036546,-0.0040121,-0.012713,-0.045751,0.0031062,-0.15019,0.050941,-0.15628,0.15102,-0.61868,-0.38045,-0.40561,0.40923,-0.44076
4,0.025212,0.07447,0.019065,-0.07954,0.04757,-0.073227,0.021238,-0.027266,0.064115,0.17511,0.069744,0.21162,0.01077,0.020979,0.17465,-0.59425,-0.31621,-0.43536,0.46515,-0.48486
6,-0.026965,-0.053268,0.085856,0.0013256,-0.0032081,0.042192,0.086412,-0.046387,-0.0094959,-0.21224,0.031027,0.14589,0.57393,-0.31788,-0.016808,0.22124,-0.16502,0.2442,-0.044882,-0.80202
18,0.077492,0.11097,0.014927,0.35394,-0.016385,0.14965,-0.011731,0.074428,-0.054823,0.034725,-0.043508,-0.49275,-0.31479,0.086366,-0.20937,0.095644,0.12962,0.15316,0.19006,-0.75208
6,0.050002,-0.081681,0.036336,-0.070188,-0.067726,0.025659,-0.026949,-0.020571,-0.19446,0.023204,-0.10366,0.082595,-0.18231,-0.33713,-0.29217,0.31717,-0.10909,0.39087,0.22849,-0.77673
30,0.0023699,-0.019798,0.040883,0.18351,-0.1351,0.17144,-0.19146,0.27533,-0.15753,-0.087718,-0.21552,0.017668,-0.096704,-0.33547,0.10978,0.4526,-0.16987,-0.039018,0.073233,-0.69642
3,0.21643,-0.053548,-0.16824,-0.11597,0.060401,-0.12306,-0.097664,-0.028502,0.17011,-0.026664,0.23686,0.27678,0.089038,-0.079371,-0.26978,-0.10281,0.3757,0.19993,0.39287,-0.76233
14,0.054884,-0.11468,-0.16423,-0.038931,0.016753,-0.010319,0.3079,0.028548,0.01868,0.022579,-0.19802,-0.31271,-0.026293,0.22462,-0.12962,-0.22046,0.1484,0.48401,0.033076,-0.7103
7,-0.079756,-0.042192,0.18677,0.0083694,0.080291,-0.076946,-0.092795,0.13099,0.11695,0.12884,-0.12793,-0.12589,0.11896,-0.0081059,-0.19624,0.43251,0.45053,0.088844,0.4816,-0.6763
35,0.023022,0.061492,0.0087929,-0.133,0.077321,-0.050985,-0.097616,0.086532,-0.083003,0.073535,-0.11788,0.13739,-0.056657,-0.11086,0.075477,-0.081559,0.47932,0.12084,0.48716,-0.76633
12,-0.074205,-0.1686,-0.057135,0.14151,-0.049306,0.0284,-0.047025,-0.19445,0.001965,-0.066154,-0.13592,0.11142,-0.12694,0.06375,-0.42384,0.1985,-0.11628,-0.5511,-0.46666,-0.633
21,0.015088,0.0087877,0.082497,-0.16382,0.099101,-0.0058256,-0.1292,-0.24742,0.19519,-0.20576,0.017676,0.090669,0.037905,-0.11089,-0.38285,-0.20539,0.32005,0.6074,0.17602,-0.61299
3,0.011738,0.041887,0.059968,-0.047117,0.069729,-0.031175,0.070566,0.04885,0.0040772,0.20648,0.29057,-0.037497,-0.25589,0.097033,-0.50708,0.38994,0.16358,-0.11813,0.16592,-0.6818
4,-0.0021115,-0.040225,-0.012452,-0.016241,-0.21712,-0.064215,-0.15285,-0.19678,-0.091755,-0.11679,-0.16092,-0.042212,-0.020907,-0.16023,-0.25518,-0.54102,0.37697,-0.63501,-0.18741,-0.43646
2,-0.086671,-0.028428,0.064949,-0.074518,-0.0028521,0.20382,0.17799,0.0066724,-0.061708,0.11542,0.053981,0.1801,0.072243,0.1125,-0.076616,-0.47284,0.52151,0.28691,0.30144,-0.63427
17,0.032473,-0.08378,-0.055957,0.064847,0.020074,-0.15373,0.038164,-0.13091,0.0027328,0.012584,-0.13251,-0.079569,0.26219,-0.28718,0.026947,-0.56885,0.14664,-0.4977,0.37123,-0.52746
10,0.1093,-0.2936,-0.098318,-0.20098,0.13727,0.074736,-0.039187,0.12812,0.21436,0.031417,-0.28312,0.15913,0.011107,0.17699,-0.24126,-0.1117,-0.37884,-0.30893,0.11496,-0.71288
49,0.024932,-0.0036712,0.059258,-0.11321,0.23738,0.01884,-0.11992,-0.060893,-0.010978,0.013311,0.2707,0.33789,0.093748,-0.1272,-0.57717,-0.14957,-0.054702,-0.46562,0.23112,-0.5217
45,0.10572,-0.055415,-0.074768,0.1384,0.24595,0.23583,-0.050539,0.047902,-0.26432,-0.099521,0.056447,-0.12366,-0.024068,0.064003,0.097892,0.24601,0.25813,-0.14113,0.17409,-0.85575
3,0.030713,0.053362,-0.11004,0.069296,-0.17138,0.019515,0.26044,-0.27727,-0.054371,-0.1725,-0.17714,0.036127,0.17456,-0.031923,-0.036679,0.38533,-0.43584,-0.10852,0.066741,-0.68809
37,0.013857,-0.0032851,0.12131,-0.036871,-0.028039,0.016088,0.014443,-0.17237,0.036489,0.065167,-0.086408,0.042268,-0.32522,0.35163,-0.04334,-0.055589,-0.24439,-0.64048,-0.12337,-0.7197
36,0.0074795,-0.02893,0.10418,0.056758,-0.093983,0.093779,-0.1321,0.030463,-0.10526,-0.0070952,0.17485,0.36896,0.18216,0.0096929,0.089553,0.45986,-0.12527,0.052513,0.47418,-0.68599
28,-0.0028149,0.038522,0.12414,0.080504,0.01214,0.23429,0.13135,-0.19461,0.0058083,-0.036739,-0.20213,0.16394,0.10614,-0.24637,-0.34536,0.23085,-0.43015,0.23076,-0.31302,-0.70601
8,0.057311,-0.080534,0.14255,-0.07833,0.008035,0.01988,0.00043981,0.0015632,-0.006097,-0.026638,0.21983,0.10456,-0.071764,-0.19977,0.005258,0.099794,0.61976,-0.52512,0.016354,-0.68236
11,0.09426,-0.12516,-0.016869,0.0088165,-0.12706,0.022874,-0.1346,-0.2252,-0.028402,0.084856,-0.089447,0.085025,-0.021895,0.33297,0.25832,0.019188,-0.64215,-0.090339,0.40237,-0.58759
7,-0.083614,-0.11189,0.013188,-0.12233,0.070095,0.063509,0.090157,0.11382,0.0143,0.19152,-0.33784,0.21204,-0.45942,0.12963,-0.22069,-0.060582,-0.1483,0.028218,0.23952,-0.78733
5,0.23461,0.095526,-0.001188,-0.12691,0.0098867,-0.039922,-0.035274,0.15133,-0.19116,-0.021341,-0.045052,0.008089,-0.13263,-0.19041,0.20954,-0.060394,0.3724,-0.0087763,0.59327,-0.71399
47,-0.066235,0.057783,-0.25527,-0.16076,0.16304,0.15933,-0.081289,-0.042152,0.14037,-0.27706,0.28881,-0.042733,0.28976,-0.059706,-0.16721,0.42682,0.10316,0.15835,0.30386,-0.63028
17,-0.092448,-0.011101,-0.018569,0.0062519,0.038197,-0.20866,0.15515,-0.048165,-0.010121,0.0097022,-0.10558,-0.1886,0.096345,-0.31903,0.18173,-0.51793,-0.11138,-0.56565,0.38913,-0.46672
1,-0.062775,0.036526,0.0062265,0.040302,0.047056,0.05654,-0.075253,0.003632,0.015789,-0.12372,-0.022002,0.020993,0.24781,0.41545,0.070457,0.024787,0.20745,-0.18016,-0.3604,-0.86834
4,0.10189,0.086675,0.096073,-0.12477,-0.00050735,-0.0014213,-0.096019,-0.18261,0.041263,0.17411,-0.24076,-0.22195,0.073158,-0.054976,0.0036324,-0.21925,0.44273,-0.31772,-0.65227,-0.55771
2,-0.073851,-0.046311,-0.011091,0.058282,-0.0103,-0.15181,-0.029327,0.013221,-0.047649,0.00085017,0.080217,0.14067,-0.0033426,0.31603,-0.077421,-0.16757,-0.08571,0.63222,0.30489,-0.70918
48,-0.019812,0.11276,-0.074176,0.051685,-0.0067834,0.05509,-0.050294,-0.034941,-0.044139,0.28026,0.073691,-0.14096,0.10429,-0.27249,0.38782,-0.59139,-0.47993,0.2623,0.074158,-0.61016
12,-0.026903,0.063333,0.062026,0.18618,-0.052561,-0.25169,-0.19187,0.048482,0.1754,-0.037159,-0.00040832,-0.069717,-0.10302,0.012487,-0.094075,-0.14545,-0.18549,0.81646,0.057117,-0.60727
11,0.045973,0.031287,-0.00019136,-0.086976,-0.048901,0.068898,-0.17636,-0.19094,-0.012156,0.095937,-0.038933,-0.11776,-0.14665,0.23451,0.2909,-0.32141,-0.56247,-0.045266,0.47914,-0.53403
9,0.013066,-0.031905,-0.044487,-0.032334,-0.010032,0.072705,-0.0035721,0.029076,-0.037548,-0.18079,-0.1736,-0.16579,0.096508,0.092367,0.29946,0.20879,0.5989,0.058492,0.33102,-0.6756
22,0.0017689,-0.075685,-0.034076,0.12149,-0.1036,0.027608,-0.078869,0.04734,0.059589,0.014378,-0.46528,0.226,0.265,-0.3229,-0.34593,-0.057145,-0.39911,-0.40272,0.20288,-0.60411
25,0.16243,-0.14965,-0.029522,0.063883,-0.048016,0.20437,0.010138,0.065799,-0.11746,-0.092249,0.12926,-0.14252,0.10234,-0.18342,0.23238,0.30037,0.17378,-0.10127,-0.14217,-0.84351
9,-0.096652,0.062693,0.19601,-0.10152,0.035425,0.038692,0.10862,-0.083459,0.047097,0.2434,-0.093647,0.30521,-0.060936,-0.10525,0.036594,-0.30249,0.42839,0.39598,0.19335,-0.68325
32,-0.048077,0.22505,0.0041926,0.10441,0.19252,0.29349,-0.042803,0.033966,0.26601,-0.097933,0.20296,-0.18898,-0.10412,-0.13851,0.021906,0.13556,-0.031267,-0.089907,0.21996,-0.70526
50,-0.068976,-0.12514,-0.012373,0.11641,-0.29518,0.11235,0.093927,0.09657,0.10175,-0.1456,0.04167,0.14794,0.10018,-0.36961,-0.16469,-0.66115,0.094811,-0.28685,-0.48169,-0.49562
47,-0.0015954,-0.0052591,-0.23416,-0.21506,0.074419,0.19533,-0.001554,-0.083372,0.053617,-0.21243,0.13416,0.002089,0.27929,-0.009698,-0.047041,0.36431,0.026695,0.02707,0.36133,-0.72073
1,-0.032609,0.0025681,0.13228,-0.031827,0.068854,-0.0062632,-0.01251,0.00463,-0.19737,0.029423,-0.034502,0.0026815,0.10429,0.093248,0.15403,0.16911,0.27698,-0.2732,-0.40499,-0.84162
44,0.012472,-0.044018,-0.026214,-0.088904,0.056085,0.15591,0.11459,-0.017597,0.20159,0.0005728,-0.068799,0.32615,0.20257,0.31688,0.22305,0.15669,-0.2279,-0.1054,-0.084718,-0.87109
35,0.012286,-0.009471,0.1266,-0.10552,0.075467,-0.041311,-0.05206,0.10992,-0.13561,0.034831,-0.046736,-0.013933,0.03004,-0.015722,0.08497,-0.071427,0.47356,0.17542,0.55504,-0.7373
17,-0.041034,-0.074626,-0.02306,0.074333,0.016961,-0.21274,0.082795,-0.086934,-0.026884,-0.054067,-0.14452,-0.13934,0.14647,-0.37488,0.028453,-0.52257,0.050766,-0.59467,0.34139,-0.47607
24,-0.016597,0.1355,0.016279,-0.054499,-0.12535,0.077992,0.19499,-0.1319,-0.11187,-0.11719,-0.1005,0.28931,0.43076,-0.044301,-0.22311,0.14257,-0.079228,-0.32117,0.34222,-0.74932
18,0.079387,0.016741,-0.06786,0.028865,0.0090304,-0.040429,0.039008,-0.14502,-0.067653,-0.26223,0.030443,0.25305,-0.33897,-0.2362,-0.11283,0.010995,0.066036,0.17259,0.029958,-0.91031
7,-0.1268,-0.042088,-0.052376,-0.018943,-0.035238,0.02861,0.11348,-0.18754,0.21272,0.14009,0.080508,-0.0081823,-0.18419,0.4533,0.35838,-0.080529,0.10349,-0.095919,0.32066,-0.7828
1,-0.023763,0.10644,-0.044639,0.02924,0.026772,-0.071841,-0.048193,0.049101,0.033697,-0.18746,-0.014041,-0.13516,0.32891,0.41171,0.19303,-0.032236,0.21476,-0.078842,-0.41131,-0.8093
14,0.04863,-0.28156,-0.0085912,-0.11066,0.11913,-0.12973,0.15822,0.099595,-0.072442,-0.11185,-0.16156,-0.3843,0.006764,0.26542,-0.18713,-0.077157,0.24354,0.33413,0.24169,-0.66166
8,-0.0038128,-0.089366,0.10735,0.011461,-0.12338,0.013267,-0.045852,0.015405,-0.10677,-0.13095,0.031785,0.08458,-0.14119,-0.29104,0.0069611,-0.018387,0.53157,-0.60015,0.076646,-0.69798
31,0.13494,-0.032548,0.16226,0.10469,-0.0066626,-0.13292,-0.035498,0.18908,0.26776,0.12368,-0.20218,0.018131,0.28434,-0.35157,-0.055858,-0.35088,0.12628,-0.27991,-0.27548,-0.68501
30,0.34379,-0.17539,-0.084418,-0.016142,0.037282,0.13162,-0.0041891,0.11813,-0.14374,-0.16621,0.11272,-0.32246,0.070902,-0.10269,0.23813,0.25125,0.27153,-0.10476,0.11554,-0.76399
16,0.00095267,-0.07593,-0.019716,-0.24671,0.18161,-0.10354,-0.081335,0.070024,0.16712,-0.14363,0.33498,-0.049568,0.10512,0.2383,0.19213,0.14924,0.17067,-0.27835,-0.37966,-0.78616
5,-0.090545,-0.045636,-0.24918,0.14683,-0.084713,0.0027384,-0.009734,0.082357,0.11489,0.023815,0.012669,-0.14702,0.16385,0.472,0.17081,-0.15667,-0.034496,0.4249,0.27918,-0.74384
32,0.010795,0.048117,-0.021737,-0.010182,0.10059,0.26328,-0.1128,0.027324,0.35109,-0.13523,0.17069,-0.14205,-0.12895,-0.04488,0.049577,0.10156,-0.018449,-0.00054301,0.1803,-0.76413
11,-0.014941,-0.031,-0.04654,0.021983,-0.092493,0.070196,-0.16606,-0.2208,0.00077901,0.061647,-0.053271,-0.039576,-0.17429,0.14209,0.33741,-0.18167,-0.67773,-0.014436,0.35527,-0.58238
1,-0.323,0.059373,0.071758,-0.22307,-0.063789,-0.010551,0.14557,-0.079032,0.073063,-0.04643,0.29638,0.039403,-0.1463,-0.59077,-0.31713,0.26626,-0.14186,0.31042,-0.18025,-0.59937
3,0.12912,0.12456,-0.059151,0.092844,-0.10008,-0.064094,0.26234,-0.0043826,0.05883,0.085222,-0.23961,-0.15445,0.077662,0.11405,-0.0075496,0.41738,-0.36381,-0.22086,0.061698,-0.74036
2,0.0055625,-0.034231,-0.00077843,-0.015685,-0.041655,-0.046555,-0.13362,0.0131,0.073618,0.19606,0.24488,0.23022,-0.057521,0.26748,-0.27437,-0.020206,-0.52706,0.51005,0.17134,-0.6634
3,0.081611,-0.015922,-0.040927,0.03385,-0.073192,-0.14429,0.25244,-0.080745,0.078252,0.030567,-0.15375,-0.025338,0.18148,0.094195,0.024003,0.48524,-0.36931,-0.16331,0.10662,-0.72414
5,0.0065584,-0.010799,0.10734,0.0031895,-0.036159,0.10189,-0.1702,-0.085045,-0.018299,-0.10384,0.0085265,0.065117,0.19204,-0.062146,0.11971,-0.1946,0.28112,0.55869,0.34618,-0.72014
13,0.19664,-0.12077,0.21913,0.022356,0.1192,-0.13202,-0.11395,0.1194,-0.028081,0.010655,-0.002812,-0.14258,0.58745,-0.43086,0.15957,-0.21339,-0.20859,0.049478,-0.29429,-0.71113
14,-0.093794,-0.13138,0.070487,-0.1174,0.1849,-0.03634,0.17469,0.1059,-0.11102,0.010704,-0.23139,-0.32813,-0.076356,0.29349,-0.26475,-0.14207,0.29128,0.31831,0.1589,-0.69033
12,0.0038419,0.0095953,0.18637,-0.19808,-0.18112,0.033622,0.093901,0.10415,-0.089931,-0.12027,0.18717,0.11196,0.15413,0.24678,-0.21435,0.015187,-0.79004,-0.40359,0.25041,-0.4306
2,-0.041694,-0.063913,-0.11113,0.040303,-0.071775,-0.13732,-0.050319,-0.025243,-0.05752,-0.12037,0.062033,-0.06803,0.069668,0.29307,0.053954,-0.16433,0.10849,0.50693,0.41885,-0.73648
46,0.10774,0.15296,0.1904,-0.15425,0.034964,-0.13577,-0.087576,-0.14946,0.19574,-0.23926,-0.15796,0.17631,0.25559,-0.26369,0.11348,-0.19521,0.075525,0.52014,-0.12194,-0.68123
36,-0.081498,0.032952,0.11452,-0.11239,-0.036102,-0.24061,-0.1082,0.124,-0.12165,-0.16651,0.27165,0.090262,0.3065,-0.15623,-0.017155,0.61956,0.1266,-0.15286,0.51546,-0.5796
6,-0.062217,-0.089772,0.13155,-0.17408,-0.05098,-0.01615,-0.033868,0.0968,-0.13004,0.062766,0.091545,0.039077,-0.12017,-0.45433,-0.42206,0.19458,-0.11789,0.46841,0.20093,-0.68563
45,0.15508,0.14661,-0.13686,0.08691,0.055774,0.13329,-0.010583,-0.15171,-0.080333,-0.32267,0.037418,-0.029988,-0.082689,-0.0085407,0.087801,0.1582,0.36751,-0.056578,0.27285,-0.82372
2,-0.030734,-0.053273,-0.07483,0.024556,-0.032286,-0.14459,-0.030868,0.017578,-0.091552,-0.070881,0.13504,-0.011061,0.06346,0.33052,0.06222,-0.18643,0.034869,0.45001,0.45038,-0.75468
7,0.0015318,0.01261,-0.022585,0.015115,0.024003,-0.10106,0.089795,-0.0066117,0.20497,0.069426,0.050774,-0.1091,-0.27109,0.29578,0.32962,0.091457,0.086936,-0.17321,0.3852,-0.80916
7,-0.041348,0.0476,-0.043516,-0.0030151,0.022505,-0.055898,-0.14418,0.022307,-0.041771,0.060135,-0.17093,0.16165,-0.041818,0.30936,0.10347,0.32632,0.059163,0.042607,0.39684,-0.83766
2,0.022585,-0.035107,0.054844,0.010546,0.0094067,-0.0031903,0.20799,0.18981,-0.10146,0.015548,0.14256,0.19747,-0.074549,0.056485,-0.18053,-0.2148,-0.38685,0.66427,-0.21838,-0.59886
3,0.0027972,0.10806,-0.080818,0.031398,-0.013765,-0.13898,0.20393,-0.077871,0.1221,0.10562,-0.12887,-0.071986,0.13294,0.11422,-0.066298,0.53293,-0.35478,-0.18994,0.05224,-0.71841
2,-0.0096944,0.05974,0.030191,-0.013863,-0.031999,0.07518,0.04001,0.10425,-0.12637,0.025325,0.19676,0.22338,-0.040598,0.12605,-0.045892,-0.17981,-0.28006,0.21104,-0.72632,-0.60768
1,-0.017549,0.083155,-0.028768,0.042603,-0.091746,-0.054101,0.087718,0.13978,0.043323,-0.055322,0.019979,-0.094789,-0.25321,-0.21828,0.52414,0.12144,-0.21037,-0.0041314,-0.31094,-0.80401
14,0.12842,-0.12378,0.00061747,-0.062645,0.028863,0.04153,0.18938,0.054426,-0.037772,0.032929,0.001508,-0.39398,0.075444,-0.040766,-0.14191,-0.15042,0.10095,0.31299,0.048248,-0.81317
2,-0.020735,-0.045194,-0.027898,0.019902,-0.01737,-0.082451,0.065386,0.1007,0.0039741,-0.045384,0.048283,0.069741,-0.12908,0.18489,-0.12545,-0.298,-0.40005,0.65508,-0.020798,-0.67325
1,-0.12294,0.023117,0.061274,0.11242,0.060129,-0.11497,-0.0792,0.081818,-0.029355,-0.0052932,-0.14012,0.014477,-0.098233,-0.15392,0.20479,0.27186,-0.29086,0.085293,-0.5738,-0.7594
2,-0.0083029,0.03217,-0.078445,-0.08166,0.019724,-0.033724,-0.0054449,0.082278,-0.055866,-0.12128,-0.071511,-0.036699,-0.049786,-0.025836,0.029905,-0.27721,-0.23153,0.56031,-0.55668,-0.64935
23,0.030331,0.15895,-0.14206,0.088696,0.090159,0.080377,0.11908,-0.22045,0.11116,-0.010605,0.14727,0.016145,-0.0021664,-0.22018,-0.49749,0.25244,-0.31977,-0.10604,0.11213,-0.62865
6,-0.051328,0.00051662,0.075685,-0.14481,-0.049021,-0.012519,0.073349,-0.0039612,-0.16585,-0.029351,-0.091099,0.1045,-0.1313,-0.43494,-0.45259,0.21386,-0.25241,0.32938,0.13251,-0.72305
19,-0.070218,-0.11946,-0.085452,0.13452,-0.029446,0.013295,0.052059,0.070373,0.037538,0.12041,0.19768,0.26262,0.11385,0.077962,0.29301,0.51146,-0.18645,0.057456,0.076599,-0.79012
23,-0.090642,0.12272,-0.03529,-0.11017,0.34126,0.087347,0.092134,-0.0070386,-0.11137,0.14532,0.35339,-0.38206,-0.07881,-0.21881,-0.39734,-0.013281,-0.11889,0.073288,0.17876,-0.67959
50,0.15806,0.15677,0.071337,-0.12368,-0.14805,0.08657,-0.08141,0.045939,-0.035532,0.15349,-0.06671,-0.18474,0.16064,0.10835,-0.049784,-0.3709,0.37257,0.025238,-0.61929,-0.63839
1,-0.043846,0.030925,-0.090216,-0.031634,-0.029316,-0.10301,0.055101,0.016058,-0.036608,0.01878,-0.081691,0.0042172,-0.1003,-0.06216,0.19186,0.041766,0.2741,-0.33058,-0.4878,-0.81201
10,0.060422,-0.15483,-0.06441,-0.039988,-0.079604,-0.019647,-0.027203,0.18115,0.34491,-0.041612,-0.17994,0.16547,-0.12575,-0.025767,-0.02857,-0.28418,-0.40392,-0.47332,0.2086,-0.6081
7,0.062434,0.14644,-0.081541,-0.020193,0.087349,-0.094755,0.023448,0.095774,-0.014192,0.082055,-0.091296,0.19719,-0.35967,0.26455,0.054157,0.14045,0.17274,-0.040575,0.3663,-0.82722
1,-0.014335,0.039515,0.16222,-0.044803,0.044157,-0.072566,-0.10106,0.19382,-0.12937,-0.058769,-0.15804,-0.079556,0.063198,-0.21046,0.14275,0.31379,0.024951,-0.11292,-0.55147,-0.76757
2,-0.0027098,-0.031746,-0.039252,0.047419,-0.012675,-0.074913,0.09833,0.11526,-0.02161,0.029172,0.12045,0.13442,-0.078111,0.16253,-0.19926,-0.19123,-0.38999,0.667,-0.045412,-0.66199
12,0.13773,0.0072592,0.033437,0.096176,0.072943,0.0056282,-0.27995,-0.15578,0.016737,0.19213,-0.062662,-0.017159,0.28499,-0.030532,0.066171,0.10193,0.079617,0.47194,-0.52424,-0.68574
13,0.15645,0.030437,0.1116,0.051182,0.19655,-0.040093,0.17312,-0.27862,-0.16945,-0.18447,0.24535,0.12777,-0.17538,0.089038,-0.33007,-0.2832,0.025442,-0.033865,0.070356,-0.79546
2,0.0030988,0.042204,-0.0012082,-0.031619,0.049368,-0.027955,0.022623,0.094301,-0.050724,-0.08689,0.19028,0.11229,0.0080384,0.019857,-0.010273,-0.1265,-0.34571,0.33536,-0.74938,-0.58717
36,-0.12616,-0.017597,0.026776,-0.053543,-0.093253,-0.053386,-0.22695,-0.030836,-0.094706,-0.19046,0.092296,0.058036,0.30352,-0.19337,-0.058653,0.66257,0.10567,-0.061508,0.38279,-0.67339
2,-0.0045923,0.031053,-0.032288,0.0050598,0.047329,-0.064667,-0.080291,0.056555,-0.016716,-0.078187,0.13411,0.070015,0.072048,-0.001226,0.010231,-0.017693,-0.49486,0.31948,-0.65315,-0.63641
12,0.044219,0.033649,0.090342,-0.047131,-0.010458,0.032022,-0.12578,-0.13177,-0.0087743,-0.037471,-0.20715,-0.19737,0.13816,-0.2322,0.15858,-0.13773,0.014057,0.31265,-0.80572,-0.48866
3,-0.14724,0.11349,-0.1323,-0.15436,-0.039731,-0.097263,0.26426,-0.13293,0.013472,0.11636,-0.10215,-0.0044186,0.2025,0.12369,-0.042138,0.43772,-0.37589,-0.20545,-0.099043,-0.7151
1,-0.11048,0.0069569,-0.04664,-0.06086,-0.050375,-0.090868,-0.049253,-0.11492,-0.1634,-0.18483,-0.0063421,0.055896,0.055143,0.2175,0.090351,-0.021859,0.34896,-0.40767,-0.29389,-0.80674
14,0.21749,-0.084473,-0.054544,-0.1385,0.12712,-0.083409,0.23812,-0.2618,-0.036938,-0.227,0.028732,-0.19321,-0.19094,0.11411,-0.27673,-0.25429,0.16877,0.35609,0.052832,-0.72303
1,0.080871,0.07998,0.055567,-0.11673,-0.091786,-0.025096,0.048238,0.25472,-0.10734,0.11738,0.17501,0.041095,-0.13222,0.44827,-0.24597,-0.58981,0.093646,-0.24047,-0.071221,-0.69082
3,-0.10325,-0.040118,0.1085,0.0043859,-0.049404,-0.11264,-0.083864,-0.11016,0.27852,0.16134,0.24905,-0.12025,-0.071564,-0.078058,-0.25308,0.20251,0.60533,-0.089384,0.38045,-0.63725
45,0.18109,0.1664,-0.069331,0.021812,-0.0079201,0.082311,0.024435,-0.23249,-0.14681,-0.3397,0.15697,-0.096114,-0.1164,-0.07406,0.057674,0.17011,0.22766,-0.088765,0.2716,-0.81433
10,0.018679,-0.10786,-0.066313,-0.14932,0.12053,0.083372,-0.011584,0.1066,-0.14644,-0.012762,-0.22523,0.11738,0.14203,-0.06311,-0.30183,0.073058,-0.40854,-0.41407,0.20762,-0.70961
2,-0.042875,0.048899,-0.0045575,-0.019544,-0.073118,-0.028543,-0.066813,0.078489,-0.015372,-0.17129,-0.0070575,-0.11647,0.1127,0.010403,0.12072,-0.19194,-0.20006,0.10614,-0.85373,-0.57771
11,-0.08952,0.065156,-0.012182,0.043507,-0.045608,0.012564,-0.046216,-0.23242,-0.099372,0.056485,0.049001,-0.27222,-0.058939,-0.29277,0.34182,-0.40936,-0.40959,-0.0010941,0.40897,-0.58944
2,-0.025203,-0.085841,-0.17267,0.13979,-0.0096545,-0.14168,0.045698,0.14118,0.034968,-0.22858,-0.12691,0.018856,0.11849,-0.27145,-0.23181,-0.68074,0.036031,-0.6477,0.042329,-0.27713
28,0.192,0.12514,-0.0044933,-0.041118,-0.13152,-0.053563,0.12905,0.0078561,0.2527,0.10966,-0.01006,-0.1545,0.2396,-0.36027,-0.14924,0.25136,-0.25879,0.062006,-0.35254,-0.77909
21,-0.055273,-0.1127,0.085052,-0.11049,-0.024805,-0.022916,-0.0039009,-0.055954,0.097861,0.0056004,-0.19211,-0.17079,-0.13161,-0.015945,-0.42041,-0.39051,0.51441,0.11125,0.3352,-0.65702
2,0.03321,-0.032627,0.040484,0.063308,-0.17586,-0.070008,0.014241,0.17923,-0.079578,-0.088952,0.25518,-0.0061687,0.025581,0.24461,-0.094145,-0.18452,-0.19773,-0.31516,-0.79114,-0.55396
1,0.03425,0.027013,0.17189,-0.11534,0.028357,0.06473,-0.015607,0.19641,0.014942,0.058021,-0.029292,-0.0094784,0.22567,0.55937,-0.02802,-0.073371,-0.067505,-0.20411,-0.22903,-0.84542
3,0.054528,-0.011942,-0.032369,0.053401,-0.044823,-0.26478,-0.12156,-0.10483,0.24592,0.23589,0.21138,-0.098018,-0.27933,-0.13331,-0.52212,0.28684,0.38083,-0.063726,0.27834,-0.58374
3,0.14586,0.023596,-0.086392,0.019469,-0.016082,-0.010953,0.30956,-0.028583,0.02384,0.091911,-0.032318,-0.15045,0.126,0.17374,-0.32142,0.52071,-0.40567,-0.24382,0.00018541,-0.592
44,-0.052981,-0.0059232,0.020041,0.011549,0.0039246,0.16797,-0.0085689,-0.049322,0.039969,0.12501,-0.24572,-0.012437,0.18157,0.62706,-0.17501,0.15791,-0.073197,-0.034358,0.014299,-0.83805
2,0.066312,0.040272,-0.050311,0.099641,0.23774,-0.13315,-0.15878,0.021413,-0.014761,0.141,-0.059645,0.40606,-0.05947,-0.081828,-0.64641,-0.45276,0.12664,-0.076411,0.20416,-0.64292
1,-0.084588,0.089511,0.06336,-0.04181,-0.04158,-0.0093176,-0.051811,0.11367,-0.072823,-0.0026669,-0.2334,-0.076882,-0.058455,-0.3219,0.2708,0.18207,0.067049,0.019984,-0.55369,-0.76193
7,0.060636,-0.12557,0.073095,-0.071387,0.19025,-0.01732,-0.081406,0.029429,-0.092894,0.065115,-0.20213,0.012695,-0.46666,0.28925,-0.091891,0.32011,-0.21941,0.056977,0.31589,-0.75095
4,0.092136,0.011118,-0.038378,0.059087,-0.046184,0.028063,-0.026184,-0.11415,-0.095656,0.19818,-0.054969,-0.025087,0.090008,-0.17943,-0.15995,-0.73567,0.26696,-0.51296,0.18555,-0.49384
17,-0.0031431,-0.025085,-0.010614,0.00056603,0.049747,-0.1434,0.13414,-0.11981,-0.006975,0.021399,0.0086431,-0.10348,0.21416,-0.21694,0.12251,-0.55984,0.040115,-0.50637,0.37106,-0.5707
5,-0.027865,0.032939,-0.010186,-0.042704,-0.081819,0.089707,-0.01429,0.068653,-0.013109,0.011329,0.026991,0.037563,0.23995,0.075175,0.1138,-0.35564,0.33277,0.29027,0.55518,-0.69306
3,0.035978,0.096258,-0.22572,-0.13023,0.16486,-0.18125,-0.0051283,-0.12654,0.03294,-0.05701,0.57989,0.17094,-0.035881,0.011113,-0.35438,0.24169,0.049035,-0.026171,0.3285,-0.65057
48,-0.070149,-0.076971,-0.018103,-0.021554,-0.080465,-0.050738,-0.12751,-0.18966,0.047229,0.063236,-0.19032,-0.18889,-0.24901,0.12798,-0.54472,-0.3684,0.58066,-0.010386,-0.083663,-0.62205
35,0.055186,0.03552,-0.07865,0.011945,-0.13489,0.0011792,-0.00041579,0.071679,0.027987,0.14221,0.078684,0.16054,-0.057403,-0.037243,0.54464,0.061037,0.14581,0.40224,0.22643,-0.75996
12,0.034859,0.050658,0.0836,0.094396,0.1304,0.014693,-0.1239,-0.034754,-0.054055,0.13246,0.060433,-0.10281,0.51981,-0.3334,0.31067,-0.39441,-0.12436,0.23349,-0.0094292,-0.7878
1,-0.049427,0.069623,-0.034597,-0.055539,0.020833,-0.12442,0.048968,0.10307,-0.099311,0.037785,-0.084107,0.016047,-0.13694,0.023422,0.12322,0.040347,0.12304,-0.3839,-0.52674,-0.79503
1,0.027968,0.096796,-0.03604,-0.039394,0.070781,-0.091692,-0.0056828,0.065767,-0.14464,0.049681,-0.067511,0.03773,-0.11023,0.10395,0.18856,0.17187,0.13806,-0.30957,-0.44563,-0.84044
14,0.068858,-0.3254,0.085487,-0.080417,0.035769,-0.080007,0.15764,0.12985,0.14498,0.012727,-0.21757,-0.46414,0.13565,0.11082,-0.15575,-0.07464,0.31739,0.3063,0.1702,-0.66611
8,0.014073,-0.06221,-0.035082,0.15992,-0.065341,-0.022455,0.0016523,0.0495,-0.14708,-0.13036,0.098059,-0.079313,-0.32222,-0.095684,0.078918,0.37531,0.38896,-0.43175,-0.29529,-0.70016
16,0.053043,-0.10714,0.00939,0.083176,-0.069633,-0.016614,0.016181,0.020792,0.11389,-0.14268,0.079665,-0.17505,-0.34471,-0.61666,0.25091,0.1676,-0.099113,0.35389,-0.32686,-0.64751
43,-0.12817,0.041556,0.0070893,0.22914,0.064163,0.089874,-0.10853,-0.22422,0.0038159,-0.035672,0.020441,0.40296,-0.25868,-0.031358,-0.042109,0.2238,0.18364,-0.056984,0.011268,-0.87897
21,0.050724,-0.016024,-0.090029,0.07829,0.051899,-0.096269,-0.021078,-0.14758,0.036437,0.21888,0.03877,0.058773,0.09556,0.18234,0.41519,-0.054293,-0.11562,0.18264,-0.48065,-0.79654
23,-0.089286,0.26204,-0.16115,0.089774,0.16169,0.18337,0.23608,0.12332,-0.22572,0.044341,-0.22197,-0.097798,0.15577,-0.14884,-0.31655,0.039736,-0.43621,-0.34942,0.18662,-0.61132
1,-0.024324,-0.014672,-0.049295,0.075843,-0.06975,-0.15563,0.02356,0.070927,-0.02595,-0.083894,-0.12529,-0.072839,-0.13746,-0.31205,0.43995,0.15698,-0.15189,0.19175,-0.41433,-0.77132
2,-0.084383,0.026339,0.0038247,0.066766,0.019062,0.025838,-0.16567,0.0165,-0.040441,-0.067954,0.12257,0.042522,0.077224,0.028064,-0.12174,-0.012142,-0.21902,0.15042,-0.88668,-0.5799
42,0.10215,0.13768,0.14919,-0.18791,-0.073015,0.10847,-0.12999,0.20304,0.22613,0.10722,-0.13396,-0.22008,0.19574,0.020965,-0.19045,-0.033414,-0.4926,0.076791,-0.1184,-0.75007
33,-0.16011,0.015234,-0.074448,0.0021948,0.075104,0.06709,0.25363,-0.057768,-0.088369,-0.064091,0.0070942,-0.23277,0.26092,-0.32727,0.22163,-0.63642,-0.21823,-0.37395,0.20057,-0.40158
27,0.1553,-0.067497,0.041563,-0.064444,0.09454,0.28002,-0.22431,0.1972,0.17924,-0.10024,-0.025345,-0.10942,-0.25603,0.053493,-0.11174,0.27729,-0.36913,-0.20238,0.18992,-0.64945
1,-0.0018519,-0.070628,-0.10901,-0.047134,0.09396,-0.099289,-0.056496,-0.063143,-0.01426,-0.065708,0.12078,0.036669,0.028342,0.28148,0.15029,0.056551,0.21177,-0.28443,-0.44806,-0.82791
2,0.0060295,0.072341,0.13385,-0.095535,0.037328,0.03881,-0.02443,0.15591,-0.048698,0.15005,0.35001,0.20885,-0.043367,0.12147,-0.22401,-0.45555,-0.5534,0.32966,0.36993,-0.54685
26,-0.10199,0.00039489,0.01457,0.15008,0.039054,0.1825,0.11368,-0.028758,-0.31571,0.17571,0.19704,-0.20316,-0.27594,-0.33334,0.34891,-0.11022,-0.18959,0.07403,-0.036219,-0.79972
2,-0.045273,-0.023898,-0.015032,0.058225,-0.020437,-0.13838,-0.016004,0.050181,-0.11147,-0.0044217,0.14199,0.064402,0.062572,0.32976,0.075893,-0.15774,0.057848,0.46486,0.49403,-0.72208
1,-0.074127,0.02815,-0.010774,-0.13417,0.096725,0.011841,0.0022526,0.010587,0.041529,0.025335,-0.034246,0.17007,0.17315,0.17044,0.36057,0.015012,0.015089,-0.040324,-0.45254,-0.86501
15,0.08447,-0.015781,0.18258,-0.081604,0.0463,-0.022796,-0.0046286,-0.057458,-0.044839,0.20048,0.072708,0.14919,0.094528,0.32741,0.22507,-0.18126,-0.41192,-0.2241,0.56277,-0.61279
32,0.0026664,0.18288,-0.090787,0.055187,0.21596,0.27841,-0.1091,-0.053637,0.13561,-0.087906,0.20052,-0.25095,-0.12117,-0.23537,-0.059399,0.13254,-0.052666,-0.12225,0.21584,-0.67777
2,-0.047167,0.065014,-0.07016,-0.00079684,0.025033,-0.005812,-0.0076127,0.019551,-0.13609,-0.089396,-0.037001,0.04201,-0.035173,0.026612,0.026138,-0.2195,-0.24788,0.41342,-0.66856,-0.6695
2,0.050431,-0.034626,-0.013243,-0.042406,-0.0086443,-0.10538,-0.012164,0.098955,0.041712,-0.11546,0.071063,0.012533,-0.11703,0.0060948,-0.03893,-0.29854,-0.46828,0.64801,-0.18803,-0.65016
20,-0.017211,-0.0084983,-0.10245,0.002825,-0.048377,0.20029,0.094009,-0.062865,0.058816,0.22659,-0.012899,0.17113,-0.0012581,0.060055,0.25327,0.0059429,0.65386,0.035144,-0.17656,-0.72257
22,0.03395,0.032048,-0.030713,0.18673,0.15951,0.24508,-0.18519,0.27813,-0.2188,0.30662,-0.24063,-0.0030947,-0.084868,-0.14329,-0.10607,-0.011032,-0.073831,-0.30927,0.15664,-0.80437
18,0.18998,0.10168,-0.0061815,0.040037,0.077826,-0.043115,0.074632,0.19491,0.39521,-0.077038,-0.10979,-0.089594,0.27559,0.021262,-0.094384,-0.21689,0.14237,0.11923,-0.56137,-0.72748
46,0.080816,0.093963,0.03252,-0.17529,0.015262,-0.054367,-0.28337,0.31775,0.14789,0.11178,-0.17309,-0.24729,0.32074,0.099135,-0.048917,-0.17012,0.08967,0.28541,-0.37976,-0.73377
5,0.018063,0.021405,-0.016116,0.022564,-0.039209,0.0054741,-0.038057,-0.034138,-0.040413,-0.01718,0.14151,0.14263,0.075667,0.036668,0.30185,-0.18588,0.12522,0.48602,0.37561,-0.76012
9,-0.15543,0.19639,0.0043601,-0.022706,-0.066477,0.07105,-0.051265,0.0080381,0.066709,-0.17304,-0.19537,-0.018912,0.1666,0.28168,-0.17297,-0.30249,0.406,0.35574,0.34881,-0.64589
47,-0.033008,0.034511,-0.19958,-0.19935,0.094366,0.074299,-0.081365,0.081014,0.037496,-0.26343,0.071444,-0.23518,0.050855,-0.202,-0.049783,0.48358,0.12749,-0.058895,0.3302,-0.67496
2,-0.052784,-0.058722,-0.035246,0.046477,-0.062696,-0.10549,-0.0088817,0.02452,0.0039684,-0.0056149,0.096688,0.072109,0.017279,0.26707,-0.0068819,-0.26186,-0.10879,0.63154,0.26823,-0.72831
18,-0.072614,-0.036882,-0.012764,0.018,0.053278,0.046929,0.11878,0.062572,-0.22394,-0.089646,0.0064177,-0.28078,-0.40678,0.0067049,-0.18002,-0.14264,0.12836,0.18462,0.19356,-0.83329
32,0.12191,0.12307,-0.029494,-0.063744,0.10315,0.30877,0.021226,-0.093361,0.2506,-0.10894,0.2629,-0.2405,0.11473,0.041425,-0.0049727,-0.0082869,-0.034071,0.072051,0.25354,-0.7313
2,-0.01229,-0.029946,0.013343,0.014023,-0.043367,-0.1387,-0.00015513,0.014617,-0.053889,-0.042385,0.1386,0.034027,0.036653,0.27807,-0.034207,-0.27671,-0.04532,0.55523,0.39958,-0.7264
41,0.033114,-0.020502,-0.16473,0.038118,-0.085926,-0.007122,0.046351,0.34436,-0.0080699,0.25349,-0.034399,-0.040478,-0.17579,-0.46389,0.065854,-0.39621,-0.092763,-0.20136,0.35215,-0.65835
34,-0.14268,0.044029,-0.10374,0.088571,0.030036,0.17903,0.066746,0.070568,-0.058376,-0.15676,-0.058668,0.0066146,-0.50694,-0.16644,-0.19246,0.014527,0.0037387,0.31592,-0.12564,-0.80561
29,0.085043,-0.068187,-0.097836,-0.18134,0.079124,0.13321,0.039313,0.35254,-0.004569,-0.08585,0.010885,0.23312,-0.33453,-0.047225,-0.0014197,-0.028815,-0.13623,-0.22315,0.26944,-0.81858
45,-0.021764,0.14177,0.035766,0.23818,0.051197,0.024635,0.012008,-0.23928,-0.023336,-0.17928,0.19276,0.14034,-0.18421,0.012745,-0.015326,0.20499,0.19016,-0.10333,0.22477,-0.87065
31,0.023978,0.0039565,0.092826,0.17482,0.10126,-0.16997,-0.09,-0.042301,0.10987,-0.074037,-0.23627,0.32078,0.20278,-0.56402,-0.21368,-0.33564,-0.14069,-0.06192,0.018944,-0.69029
14,-0.053771,-0.21083,0.032679,-0.051289,-0.014763,0.0099025,0.22796,0.15217,0.33531,-0.059447,-0.014312,-0.31717,0.25552,0.21237,0.027223,-0.03325,0.35331,0.12138,0.024923,-0.77388
46,-0.013911,0.0021125,-0.11748,-0.17403,0.028163,0.12281,-0.11551,0.078342,-0.053673,-0.01056,0.075077,-0.109,-0.10977,0.10712,-0.52295,-0.38343,0.29398,-0.075266,-0.40028,-0.65281
21,0.077771,-0.038425,0.093531,-0.17491,0.0053352,-0.073918,0.061211,-0.2852,0.12321,-0.19041,-0.12176,0.2798,-0.13124,-0.43117,-0.022252,-0.38777,0.198,0.31333,0.057874,-0.73026
1,-0.068901,-0.013831,0.072145,-0.065753,0.12744,0.10777,-0.10061,0.035994,-0.12087,-0.11153,0.011096,0.10203,0.24347,0.31112,0.057365,0.0081669,0.16151,-0.35764,-0.23763,-0.87651
1,-0.05235,-0.019232,0.0078079,-0.086882,0.042352,-0.070285,-0.046256,0.010167,-0.13775,-0.048464,-0.084267,-0.05991,0.063192,0.098526,0.17675,0.081777,0.07709,-0.22879,-0.55692,-0.81538
13,0.21907,0.25578,0.16498,-0.10592,-0.020156,-0.14914,-0.035286,-0.15485,0.23103,-0.17009,-0.17713,0.15806,0.083597,-0.27936,-0.065427,-0.28613,0.019129,0.53173,-0.2127,-0.64926
37,0.067036,0.037498,0.048056,0.020213,-0.067361,-0.086075,0.012119,-0.092529,-0.046283,-0.0062817,0.17722,-0.30976,-0.080342,0.30764,0.12664,-0.33102,-0.17833,-0.48872,-0.43635,-0.69152
1,0.0048758,-0.0039469,0.20949,-0.085522,0.078823,-0.027857,-0.12866,-0.095616,-0.14619,-0.1135,-0.024377,-0.12926,0.31361,0.11099,-0.023982,-0.047782,0.48013,-0.36359,-0.36834,-0.7017
1,-0.064702,-0.020147,-0.013103,0.063792,-0.027291,0.027999,-0.088782,-0.12049,-0.10117,-0.06166,0.041646,0.11714,0.16466,0.40033,-0.016729,0.021985,0.22097,-0.28132,-0.2962,-0.86394
18,-0.024113,0.10585,0.043432,0.3035,-0.099314,0.10775,0.042644,0.12653,-0.12885,-0.026308,-0.066148,-0.30938,-0.48078,-0.018362,-0.26567,0.0079223,0.13873,0.30293,0.15149,-0.75984
4,-0.086346,0.0058979,0.034631,-0.016803,0.0036191,-0.02258,-0.12091,-0.16197,-0.048863,0.02605,0.008295,-0.16865,0.029165,0.066759,0.36413,-0.35783,-0.51929,-0.22558,0.46972,-0.51693
40,0.077691,-0.029549,0.095359,-0.1066,-0.072074,0.19425,0.18459,-0.0057537,-0.042919,0.37025,0.031627,0.26645,-0.0091795,-0.073808,0.025436,-0.5564,0.36849,0.20293,-0.34369,-0.53149
2,-0.014018,-0.0012295,0.06067,0.022251,-0.13477,0.050809,-0.054745,0.084285,-0.062304,0.0093327,0.12441,0.13377,0.074393,0.19119,-0.25208,0.018907,-0.22191,-0.20894,-0.81097,-0.61035
27,-0.10641,0.033718,0.12716,-0.085926,0.145,0.29879,-0.12528,-0.060445,0.26825,-0.15857,0.083096,-0.082308,-0.20044,0.053418,0.24624,0.19311,-0.025704,-0.18486,0.34827,-0.69418
19,-0.085261,-0.066807,0.069011,0.3246,0.097148,-0.1526,-0.40478,0.028944,0.33302,0.2606,0.07987,0.02753,-0.088633,0.24934,-0.046437,0.58358,-0.17959,0.20698,0.44818,-0.26942
20,-0.022867,-0.017039,-0.01833,-0.068552,-0.049144,0.1636,0.060126,-0.09219,0.0023469,0.36348,-0.010238,0.2363,-0.021184,0.066522,0.13184,-0.20153,0.60414,0.093816,-0.26778,-0.64586
7,-0.031441,0.04358,-0.013435,-0.091094,0.066615,-0.081172,-0.044722,0.11266,0.058928,-0.045997,-0.061481,0.022969,-0.59127,0.15061,-0.1043,0.02785,-0.18371,-0.015785,0.3054,-0.81138
38,0.059742,-0.027677,-0.40338,0.075571,-0.026143,-0.11942,-0.23287,-0.07022,0.12559,-0.029556,0.24586,0.24316,-0.20344,0.25802,-0.52335,-0.29016,0.043567,-0.34564,-0.35051,-0.53981
20,-0.012939,0.013026,-0.11674,0.019635,-0.018194,0.21769,0.043243,-0.11966,-0.048205,0.26019,-0.015109,0.17477,-0.12583,-0.02219,0.30549,0.069627,0.51591,0.26217,-0.21232,-0.70317
26,-0.12463,-0.15259,0.13862,0.11234,-0.027802,0.10119,0.06979,-0.089438,0.18905,-0.050425,-0.044839,0.17274,-0.38636,0.01656,0.1453,0.068915,-0.45331,-0.10895,-0.32572,-0.77554
43,-0.17769,0.074682,-0.015103,0.062168,-0.13134,0.10224,0.14189,-0.059513,0.20681,-0.12748,-0.031878,0.29406,-0.022449,-0.13608,0.24541,-0.014207,0.42643,-0.04632,0.11809,-0.82935
2,0.045894,-0.014204,-0.097965,0.14959,-0.057863,-0.17992,-0.10657,0.084808,-0.050211,-0.13103,0.12692,-0.06793,0.099025,0.25531,0.28149,0.096241,0.20635,0.23733,0.53923,-0.72827
17,-0.083323,-0.12121,0.057654,0.022203,-0.042465,-0.12391,0.013262,-0.15763,-0.070845,0.0071267,-0.15764,-0.01399,0.046059,-0.26973,-0.053223,-0.40662,0.37553,-0.6833,0.05433,-0.58322
2,0.0044378,0.062274,0.0062488,0.12721,0.074809,-0.13026,-0.039196,0.13846,-0.1447,0.017753,0.24625,0.053505,0.16034,0.29015,0.19691,-0.077644,0.085785,0.20309,0.6127,-0.71397
32,0.093739,0.094188,-0.070662,0.012882,0.1067,0.17797,-0.07337,0.10787,0.060862,-0.035026,0.072641,-0.10643,-0.03314,-0.13511,-0.14817,0.0061362,-0.11451,-0.12965,0.097941,-0.78135
40,-0.15287,-0.12361,-0.1253,0.069583,0.039398,0.065248,-0.038701,-0.16483,-0.0030247,0.13593,-0.16673,0.03076,-0.018946,0.044428,0.1341,0.033866,0.37587,0.62401,0.074873,-0.69532
10,-0.094659,-0.15135,-0.023063,0.027458,-0.18311,-0.012042,-0.063733,-0.036628,0.29125,-0.16317,-0.33065,0.27076,-0.14953,-0.078894,-0.15171,-0.13565,-0.44727,-0.38172,-0.048993,-0.72259
19,-0.031404,-0.065249,-0.16032,0.029097,0.041129,-0.11603,-0.2266,-0.044811,-0.0093129,0.17415,0.18627,0.18272,0.00031747,0.068979,-0.014715,0.40285,0.22359,0.46631,0.35089,-0.68208
44,-0.026254,0.01682,0.16259,-0.033634,0.0807,0.20936,0.053961,0.16001,0.010369,0.085924,-0.038323,0.17988,0.32248,0.52391,-0.13562,0.10533,0.10903,-0.12951,-0.080446,-0.84135
16,0.070319,-0.082319,0.019142,0.045457,-0.032559,-0.098646,-0.020112,0.044732,0.11743,-0.020137,0.19291,-0.18339,-0.067287,-0.41909,0.24757,0.3265,0.012088,0.11712,-0.49809,-0.73729
19,0.096889,-0.093394,-0.042852,0.1065,-0.010161,-0.043521,0.066094,-0.11844,-0.00054724,0.30383,0.38398,0.13643,0.15366,0.06149,0.25962,0.24796,-0.12936,0.17135,-0.30002,-0.7567
15,-0.024355,-0.020245,0.29724,-0.12277,0.097562,-0.040457,0.15809,-0.046606,-0.048116,0.048162,0.045375,0.090117,-0.005279,0.24059,0.29891,-0.13089,-0.42716,-0.45716,0.47223,-0.57838
2,-0.071753,-0.011562,-0.045225,0.05935,-0.1184,-0.021256,-0.10258,0.071952,-0.024227,-0.086874,0.11728,0.036775,0.037,0.14008,-0.23523,-0.094888,-0.072207,-0.22211,-0.89868,-0.54357
4,-0.0041731,0.0071814,0.00066265,-0.081359,-0.062148,0.094195,-0.15692,-0.20678,-0.015118,0.11861,0.024578,-0.21089,-0.092025,0.024883,0.34936,-0.44495,-0.48143,-0.034501,0.49036,-0.50293
24,0.078363,-0.13659,-0.021207,-0.019916,-0.086308,0.16606,-0.1194,0.25155,0.20355,0.068369,-0.1231,-0.055271,0.23076,0.22914,0.032267,-0.45607,-0.48176,-0.10985,0.37162,-0.61486
33,-0.16101,-0.053433,-0.030961,0.1782,0.076596,-0.0085176,0.15718,-0.050097,-0.13808,-0.088301,0.088169,-0.36576,0.16755,-0.10063,0.3401,-0.20091,-0.59416,-0.24601,0.096086,-0.57649
3,0.11226,0.14344,-0.069128,-0.074099,-0.12399,-0.10862,0.20182,-0.077492,0.083683,0.15161,-0.039774,-0.19139,0.2646,0.057834,-0.053228,0.38218,-0.39202,-0.11668,-0.056357,-0.74508
16,0.072529,-0.093389,0.01329,-0.19895,0.12948,-0.19542,0.070107,0.074461,0.056585,-0.17775,0.36744,-0.061036,0.024842,0.13821,0.015678,0.064308,0.18513,-0.40839,-0.5619,-0.66079
4,0.076711,0.10638,0.15182,-0.11751,0.00065652,0.021264,-0.08375,-0.13139,0.022719,0.24423,-0.28155,-0.30442,0.14434,-0.029241,0.1538,-0.094993,0.37118,-0.058329,-0.65395,-0.5945
33,-0.12721,-0.049793,-0.19853,0.067787,-0.026774,-0.063504,-0.045841,0.060335,-0.030538,-0.1154,-0.13957,-0.1197,0.10874,-0.55832,-0.04737,-0.63063,-0.18168,-0.35482,0.30099,-0.37687
6,-0.020671,-0.10141,0.010683,-0.094516,-0.10416,-0.12575,0.067816,-0.07518,-0.11625,-0.076448,0.20522,0.021856,0.15421,-0.60262,-0.08339,0.23031,-0.282,0.33658,0.045942,-0.74146
33,-0.076144,-0.065694,-0.20897,0.093823,0.053745,-0.083552,0.077686,0.038102,-0.085332,-0.061492,-0.07233,-0.16367,0.32386,-0.35973,0.15078,-0.61753,-0.30965,-0.28426,0.30519,-0.40377
1,-0.079408,0.05129,0.08372,-0.051755,-0.017899,-0.064431,0.056339,0.17616,0.061041,-0.076444,-0.071975,0.019191,-0.18225,-0.13626,0.37134,0.11474,-0.26596,-0.021894,-0.44622,-0.80191
11,0.045187,0.024754,0.03175,-0.0049733,0.068349,-0.0053148,-0.17269,-0.10373,-0.090797,0.22114,0.042677,-0.061197,-0.10686,0.14505,0.27024,-0.31418,-0.51555,-0.10271,0.5636,-0.55097
43,-0.121,0.1491,-0.12044,0.1448,-0.047109,0.038953,0.060139,-0.024276,0.18999,-0.016178,-0.10597,0.20437,-0.095452,-0.052491,0.37691,0.20601,0.27739,0.12177,0.026713,-0.86222
4,-0.020464,-0.053726,0.1185,0.062534,-0.051328,-0.021263,-0.15327,-0.086631,-0.091523,-0.047827,0.021629,-0.050537,0.064966,0.14,0.17159,-0.15782,-0.74045,-0.28429,0.41185,-0.51526
3,0.082076,-0.06415,0.023254,0.10966,-0.03787,-0.05621,0.039526,-0.032622,-0.0015106,0.2106,0.29885,-0.093618,-0.19263,-0.089351,-0.37578,0.42493,0.28372,-0.21339,0.22123,-0.67161
13,-0.029153,-0.16305,-0.025681,0.0047668,0.15743,-0.072838,0.14315,-0.021675,-0.17893,-0.15311,-0.10605,-0.27141,-0.085313,0.361,-0.31919,-0.21997,0.2212,0.34403,0.13376,-0.65442
4,-0.049022,0.086225,-0.24094,0.099107,-0.013745,0.12778,-0.060881,0.21863,-0.12408,0.038598,0.14301,-0.18728,0.25285,-0.14889,0.14988,-0.69526,-0.59072,-0.024995,0.20731,-0.39135
19,0.11076,-0.059489,-0.094669,0.11354,0.030772,-0.14295,-0.06885,0.020524,-0.0077287,0.097694,0.25382,0.25512,-0.1174,0.01506,0.25925,0.20168,0.05606,0.53994,0.26937,-0.69509
2,0.0021992,0.021382,-0.010445,0.089626,-0.063227,-0.015353,-0.03647,0.060105,-0.055243,-0.10119,0.11735,0.0054133,0.074489,0.10803,0.065857,-0.15238,-0.34488,0.096155,-0.78298,-0.63691
7,0.080874,0.057829,-0.042542,-0.10338,0.060271,-0.0328,0.0030994,-0.002377,0.083431,0.12176,-0.045852,0.25555,-0.36054,0.27236,0.093377,-0.013733,0.14388,-0.23577,0.34257,-0.82321
1,-0.097413,0.02696,0.070564,-0.075469,-0.037203,0.13028,-0.076648,0.10351,-0.21695,0.047231,-0.096012,-0.074804,0.028676,-0.21749,0.24536,0.16129,0.29495,-0.20185,-0.44875,-0.79468
12,-0.07089,-0.12256,-0.011507,0.11832,0.069516,-0.37622,-0.079967,-0.036347,-0.0064602,-0.026096,-0.12814,-0.20196,-0.15928,0.316,-0.10587,0.085568,0.13689,0.53559,0.47151,-0.59952
20,-0.00708,-0.0607,-0.10495,-0.011828,-0.057105,0.15508,0.075071,-0.075145,0.049479,0.26712,-0.040154,0.2378,-0.027655,-0.017847,0.19414,-0.081169,0.67666,-0.17075,-0.16211,-0.6882
3,0.14789,-0.13911,-0.05153,0.1059,-0.061106,0.040776,0.20549,-0.14069,0.11822,-0.028274,-0.30006,-0.038187,0.019678,0.2305,0.043829,0.37157,-0.50127,-0.23041,0.079333,-0.62815
1,-0.0066174,-0.012462,0.14212,0.13407,-0.015005,0.096911,-0.14814,-0.068831,-0.27897,-0.23489,0.087636,0.07092,-0.14681,-0.01379,-0.77439,-0.40454,0.069401,0.012636,-0.08019,-0.63737
1,0.027678,0.030468,0.071577,-0.16037,0.012978,-0.0054737,-0.077547,0.042105,-0.14707,-0.10194,-0.13107,-0.13142,0.15509,-0.11091,0.25323,0.13784,0.35004,-0.19082,-0.45411,-0.78205
2,0.048137,0.0027713,-0.024952,-0.0011487,0.027186,-0.014557,-0.13916,0.085914,-0.033381,-0.013385,0.15602,0.15224,0.056269,0.029138,-0.040321,0.0086828,-0.57061,0.39767,-0.53524,-0.6286
11,-0.065127,-0.11726,-0.021851,-0.11461,-0.22134,0.0597,-0.024818,-0.16043,0.11284,-0.007249,-0.035876,-0.25434,-0.15964,-0.08892,0.53116,-0.11713,-0.46163,-0.075636,0.19111,-0.6757
4,0.011564,-0.061717,0.16885,0.14073,0.060711,-0.075518,-0.11371,-0.13415,0.034113,0.078229,-0.28693,0.023076,0.1887,-0.15681,0.14543,0.37326,-0.27494,0.16803,-0.41981,-0.75503
36,0.03672,0.075797,0.023667,-0.19615,-0.025827,0.070287,-0.12537,-0.11262,-0.10472,0.038598,-0.050466,0.43634,0.12357,0.2004,-0.058007,0.32134,-0.19143,0.030811,0.4208,-0.76511
7,0.00018812,-0.093761,0.044363,-0.0048689,0.035285,-0.034612,-0.19828,-0.017491,-0.1114,0.15209,-0.28719,0.074958,-0.27828,0.23957,-0.21041,0.3464,-0.21914,0.21531,0.39266,-0.73402
1,-0.033154,0.081977,0.01171,-0.079643,0.064888,-0.059803,0.040471,0.18668,-0.023607,-0.052801,-0.14167,0.075067,-0.0037913,-0.13517,0.28149,0.16748,0.019467,-0.092713,-0.4961,-0.83719
35,-0.13319,0.010922,-0.047523,-0.09226,-0.048301,0.087351,-0.028678,-0.041916,-0.087224,0.025726,-0.17671,-0.006467,-0.036904,0.07656,0.176,0.043633,0.55434,0.3481,0.36069,-0.68169
1,-0.019923,-0.090884,0.12192,0.0089495,-0.076649,-0.055792,-0.10536,0.0069999,-0.15471,-0.012416,-0.12579,-0.29407,0.002709,-0.18624,0.14922,0.20776,0.19525,-0.17358,-0.61825,-0.69351
19,-0.16087,-0.11256,-0.14466,-0.0058085,-0.10447,0.012363,0.10021,-0.046974,-0.032084,0.17579,0.16267,0.25423,0.21352,-0.078481,0.022462,0.63363,-0.29447,0.088618,-0.014844,-0.71713
30,0.17626,0.0052041,-0.063872,-0.0084522,-0.0011489,0.12365,-0.034595,-0.17437,-0.021574,-0.27035,0.25666,-0.13226,-0.028968,0.096098,0.16555,0.074215,0.47972,-0.11629,0.19026,-0.77653
1,0.038793,-0.041316,-0.162,0.0071555,-0.12915,-0.073998,0.045437,-0.092416,-0.017191,0.076586,0.10129,0.0032989,-0.078027,0.012576,0.30743,-0.073848,0.092865,-0.10403,-0.5248,-0.84078
15,0.068889,-0.08309,0.21926,-0.049428,-0.029418,-0.080767,0.047392,0.062175,-0.06136,0.10319,0.12398,0.2538,0.15178,0.29277,0.12385,0.26618,-0.219,-0.17588,0.56381,-0.68366
5,0.012127,0.028903,-0.001545,-0.040514,-0.12249,0.11879,-0.080994,0.03338,-0.11593,0.0059879,-0.033313,0.039633,0.022055,-0.063788,0.33171,0.012522,0.41918,0.26978,0.52534,-0.69055
1,-0.028688,0.027326,0.14483,-0.011109,0.024055,-0.092025,0.31954,0.19423,0.07499,0.13626,-0.0045966,0.14019,-0.032907,-0.25615,0.21652,-0.36383,-0.022587,-0.27377,-0.61039,-0.61253
6,0.023801,-0.10211,0.010247,-0.14447,-0.026346,-0.019172,0.083094,-0.121,-0.17106,-0.13103,0.077397,0.16596,0.22471,-0.45776,-0.26818,0.15916,-0.31729,0.33836,0.072959,-0.74833
2,-0.087467,0.057953,0.047759,0.00044092,0.070047,0.0034497,-0.13021,0.056672,0.0048502,-0.14621,-0.015401,-0.005376,0.11162,0.017091,-0.035402,-0.052437,-0.23787,0.13306,-0.89613,-0.57068
6,0.0032281,-0.049481,-0.10115,-0.10442,-0.091114,-0.028449,0.14232,-0.1112,-0.056861,-0.12322,0.24929,0.051519,0.3493,-0.40614,0.051611,0.22523,-0.22846,0.2987,-0.050051,-0.7959
48,0.029733,-0.076442,0.039448,-0.15585,-0.24312,-0.0039849,-0.11784,-0.058926,-0.041028,-0.20737,-0.11745,0.028867,0.18831,0.26039,-0.32123,0.31076,-0.80446,-0.27286,0.21336,-0.36227
10,0.059022,-0.12182,-0.12897,-0.093257,-0.049647,0.033157,0.022127,0.12713,0.078315,-0.035262,-0.4736,0.11323,0.11949,-0.054281,-0.28,0.057899,-0.45933,-0.42658,0.10346,-0.65548
49,-0.021364,0.00033366,0.091852,0.047727,-0.099217,-0.092692,-0.1399,0.21996,0.55907,0.27826,0.34747,-0.040479,0.04419,-0.32619,-0.33224,-0.27373,0.074347,-0.080858,0.52129,-0.49582
28,-0.0011394,-0.10168,0.17961,0.14378,0.078444,0.30487,0.085814,-0.20777,0.021908,-0.026579,-0.23208,0.10592,0.099928,-0.18539,-0.3463,0.30232,-0.35874,0.19433,-0.15461,-0.72186
29,-0.077571,0.071098,-0.01965,-0.065645,-0.16412,0.12416,-0.19616,0.068647,-0.013826,0.077457,-0.0005434,-0.032462,-0.57924,0.14492,-0.1374,-0.13048,0.19905,-0.1861,0.027995,-0.83947
23,-0.13796,0.22254,-0.14796,0.094794,0.18448,0.075061,0.061121,-0.097774,-0.24646,0.14318,0.10868,-0.2859,0.20949,-0.27358,-0.37204,0.17309,-0.45748,-0.18984,0.23181,-0.58537
2,0.023734,-0.081544,0.017561,-0.0070005,-0.10215,-0.097055,0.095598,-0.01986,0.015681,0.044943,-0.025789,-0.022713,-0.0096906,0.021048,0.041739,-0.35039,-0.078715,0.73636,0.058214,-0.70217
2,-0.10287,-0.042467,-0.13132,0.072578,-0.031967,-0.10951,-0.041871,-0.014542,-0.031887,-0.045785,0.038233,0.077925,0.035966,0.3264,0.025612,-0.14102,0.012759,0.59045,0.29348,-0.7485
37,0.052001,0.075465,0.1813,-0.056505,-0.02428,-0.10323,-0.015352,-0.17642,0.0070068,0.047417,0.17828,-0.2746,-0.37027,0.28157,0.12945,-0.19129,-0.12863,-0.60901,-0.072758,-0.69803
6,-0.17255,0.037874,0.016649,-0.13521,-0.21953,-0.12779,-0.14371,0.28379,0.19322,0.042765,0.013566,-0.40619,-0.11683,-0.20627,-0.35341,0.19992,0.27727,0.17832,0.43825,-0.60526
2,0.040681,0.12606,0.063714,-0.054743,-0.13103,0.083475,0.1286,0.15231,-0.15855,0.045455,0.23053,0.17395,-0.046747,0.062758,0.098903,-0.44453,-0.14323,0.19251,-0.70661,-0.55328
1,0.020315,0.12495,-0.0096337,-0.0034178,0.0028556,-0.037423,-0.091784,0.2887,-0.049661,-0.14824,-0.23677,-0.07762,-0.09378,-0.23219,0.25749,0.31807,0.02748,-0.11495,-0.47127,-0.77089
6,0.0002833,-0.034563,0.064236,0.040366,-0.080382,0.11687,-0.0061777,-0.11659,0.13695,0.064366,0.081552,0.047349,0.5815,-0.19732,-0.12341,0.3063,-0.066616,0.39718,-0.072115,-0.78462
11,0.027024,0.13454,-0.048007,-0.026712,0.10325,-0.078933,-0.044374,-0.05368,-0.14286,0.17875,0.01577,-0.29656,0.016246,-0.080697,0.15444,-0.55222,-0.29533,-0.11921,0.56132,-0.51852
4,-0.014913,-0.077741,0.03658,0.073915,0.1948,-0.067084,-0.17399,-0.19757,-0.017878,0.13044,-0.21703,0.17041,0.0084831,-0.013669,0.19466,0.19501,-0.38431,0.32605,-0.41313,-0.75247
6,-0.017807,0.037861,-0.055517,-0.20789,-0.05836,-0.082327,0.025501,0.28272,0.1148,0.22008,0.47715,-0.52311,0.25602,0.04319,-0.18491,-0.14688,-0.05016,0.21251,-0.32237,-0.64395
1,-0.11512,0.019659,0.044285,0.07416,-0.048602,0.10041,-0.079391,-0.00029835,-0.0093145,-0.045033,0.057199,0.1238,0.16167,0.53476,-0.14307,-0.13789,0.21255,-0.25717,-0.15024,-0.84233
26,-0.25468,-0.1864,0.29217,-0.02998,0.0043619,0.28137,0.065152,-0.051812,0.28175,0.061598,-0.00047888,0.14126,-0.15072,0.0086317,0.23138,0.038304,0.019999,-0.26767,-0.22342,-0.78054
40,0.07381,-0.14856,-0.028494,-0.21666,0.13402,0.089515,0.023133,-0.23693,0.35209,0.36207,0.27038,-0.0089225,-0.15358,0.11162,0.39276,-0.056895,-0.27242,0.12107,-0.36008,-0.63446
34,0.0060853,0.096637,0.046892,0.1337,-0.14859,0.06731,0.029243,0.1505,0.11163,0.036765,-0.094373,-0.045864,-0.41276,-0.16671,-0.42883,0.014043,0.25638,0.23594,0.093785,-0.76189
28,-0.04058,-0.1013,-0.052375,-0.0083349,-0.040948,0.20238,0.13858,-0.19183,-0.21896,-0.1105,-0.17404,-0.15014,0.015281,-0.066532,-0.76828,0.25155,-0.29208,0.40645,0.10625,-0.53535
6,-0.096386,0.092888,0.0082277,-0.13691,-0.2299,-0.085115,0.013175,0.17913,-0.20401,0.13467,-0.057756,-0.12329,-0.074636,-0.26202,-0.43704,0.2533,-0.040652,0.27259,0.45106,-0.66744
20,0.022695,0.016766,-0.092959,0.00057928,-0.063502,0.22367,0.043153,-0.051531,-0.049126,0.1682,-0.016638,0.090671,-0.092902,0.0052461,0.30299,0.12527,0.6503,-0.11236,-0.15035,-0.73881
39,0.043051,0.087748,-0.049193,-0.048149,0.37374,-0.023114,0.28147,-0.067584,-0.11797,-0.055593,-0.074122,0.215,-0.23469,-0.064041,-0.022172,-0.013085,0.038318,0.025157,0.084236,-0.81458
10,0.14456,0.018538,-0.073673,0.017586,-0.086797,0.13504,-0.07412,-0.12014,0.21938,0.1708,-0.23125,-0.087329,-0.0048845,-0.14127,-0.18301,-0.42566,0.44681,-0.31289,-0.4294,-0.54252
2,0.074447,-0.0054659,-0.089061,0.033599,0.065619,-0.054267,-0.026649,0.096823,-0.064597,0.011834,0.12222,0.060019,-0.062455,0.085136,0.015041,-0.18939,-0.38474,0.54747,-0.5016,-0.64018
15,0.010427,-0.034269,-0.028129,0.14601,-0.03367,-0.16839,-0.18171,0.021915,-0.043996,-0.089953,0.085748,0.15984,0.084252,0.24422,0.16514,0.52145,-0.06673,-0.052969,0.45038,-0.73645
1,-0.026358,0.005929,0.050823,0.037188,0.064837,0.10468,-0.12252,0.012826,-0.17552,0.021977,0.023609,0.0071988,0.28394,0.35963,0.050368,0.027897,0.23155,-0.175,-0.28569,-0.87181
13,-0.14228,-0.17577,0.21562,0.39957,0.18593,0.16696,0.10731,0.21908,0.083986,0.10755,0.058751,-0.194,0.12406,0.37103,-0.23844,-0.029551,-0.15785,-0.18396,0.20919,-0.7143
5,-0.0044547,-0.0057693,0.10234,-0.054836,-0.11523,0.16421,-0.1508,0.099156,-0.060308,0.24087,0.0026374,-0.077395,0.29596,0.078624,0.14302,-0.27707,0.27042,0.50857,-0.24916,-0.74626
7,0.05879,0.01008,0.11498,-0.055582,0.15375,0.068499,-0.18313,0.093267,-0.18565,0.18249,-0.11195,0.29314,-0.10981,0.0583,-0.06795,0.28224,-0.03151,0.049771,0.4923,-0.78746
2,0.042969,0.010736,-0.045398,0.14928,0.0093544,-0.19634,-0.11091,0.12835,-0.099991,-0.11341,0.1692,0.026246,0.10732,0.33117,0.1911,0.11963,0.19408,0.29681,0.55346,-0.69099
3,0.19753,0.0057784,0.040652,0.051993,-0.20024,-0.23457,0.030125,0.054462,0.20244,0.061742,0.18684,-0.0043348,-0.17213,-0.31112,-0.30443,0.22297,0.30777,-0.45926,0.32448,-0.64243
12,-0.022846,-0.031121,-0.064448,0.036176,0.025554,0.024999,-0.23405,0.047074,-0.20675,0.11968,-0.10633,-0.10461,0.023657,0.19119,-0.21407,-0.07872,-0.045245,0.5216,-0.50511,-0.70693
1,-0.054273,-0.019745,0.10581,-0.12081,0.05334,-0.021743,0.002877,-0.0036378,-0.19317,0.006066,-0.0029592,0.095522,0.054725,0.22537,0.040921,0.095191,0.044345,-0.40452,-0.42675,-0.82848
13,0.08046,0.14989,0.03338,-0.034249,0.16436,-0.04033,0.018361,-0.26561,0.11478,-0.35045,0.18517,0.18998,-0.0067021,-0.033351,-0.11628,-0.089708,-0.072236,0.15997,0.25623,-0.84652
3,0.067763,0.10896,-0.25371,-0.14462,-0.055086,0.052361,-0.12704,0.15843,0.25025,0.079388,0.15227,0.073922,0.22046,-0.22591,-0.64746,-0.04363,-0.20854,0.09995,0.062056,-0.57
9,-0.043979,0.02626,0.10765,-0.053702,-0.081273,-0.020967,0.02444,-0.061922,-0.0033241,-0.16545,-0.12332,-0.12671,0.11564,0.23718,-0.14464,-0.22157,0.55038,0.26411,0.37762,-0.68008
43,-0.14543,0.022302,-0.082955,0.21048,0.01097,0.028441,0.17732,-0.10312,0.26847,0.039944,-0.083972,0.54809,-0.053368,-0.090679,0.066337,0.0059271,0.05755,-0.19365,-0.14524,-0.81393
16,0.011952,-0.20888,0.11236,0.096575,0.048549,0.0072134,-0.041303,-0.072821,0.029784,0.032563,0.27186,-0.12889,0.048939,-0.41788,0.13715,0.19986,0.013076,0.19936,-0.57166,-0.71024
8,-0.05191,0.023808,-0.098956,0.10645,0.02639,-0.16861,-0.027219,0.21699,-0.12546,-0.014886,-0.095945,0.34596,-0.030915,-0.22038,0.13627,-0.073253,0.17572,-0.51357,0.44662,-0.71219
4,-0.05505,-0.012137,0.094402,0.022968,0.024486,-0.038432,-0.19833,-0.047518,-0.048783,-0.12906,0.028638,-0.22331,0.055259,0.1071,0.19567,-0.35483,-0.67438,-0.32123,0.40243,-0.42238
3,-0.028765,-0.01139,0.21391,0.024918,0.013482,0.01831,-0.02735,-0.090431,-0.042711,0.20795,0.19169,-0.084721,0.011373,-0.055454,-0.23046,0.55863,0.43821,-0.23111,0.12635,-0.69211
33,0.064832,-0.017518,-0.062621,-0.044056,-0.2938,0.08159,-0.050528,-0.17755,-0.18609,-0.036252,-0.058138,-0.29307,-0.16628,0.0099044,-0.13511,-0.26525,0.30013,-0.32069,-0.55739,-0.53819
24,-0.018346,0.05378,-0.11867,-0.013102,-0.063215,0.13773,0.080759,-0.045932,0.015228,-0.08389,-0.24171,0.36521,0.47421,-0.093282,-0.11128,0.059578,-0.032086,-0.24768,0.31051,-0.81238
3,0.054935,0.057718,-0.033356,-0.059821,-0.065355,-0.10403,0.17983,0.0015618,0.0065122,0.06062,-0.26057,-0.16733,0.15476,0.035573,-0.20541,0.60099,-0.28918,-0.23844,-0.030218,-0.64531
26,0.074859,-0.17907,0.014049,0.032371,-0.005021,0.10157,0.087934,-0.12389,0.14541,-0.045655,0.3234,0.058142,-0.029731,0.13048,0.28152,0.03853,-0.066469,-0.19861,-0.29843,-0.85392
1,0.008346,0.051578,0.046972,-0.043201,0.056823,0.0031748,-0.092401,0.082697,-0.21504,-0.0041894,-0.078609,-0.0045403,-0.058528,0.090016,0.14651,0.28812,0.067428,-0.30264,-0.40579,-0.85945
5,0.0071985,-0.005812,0.032599,-0.072721,-0.046139,0.071616,-0.10851,0.040208,-0.0648,-0.066617,0.0062899,0.02075,0.22039,0.061235,0.00017277,-0.30509,0.35504,0.37068,0.50518,-0.71154
1,0.0061422,0.065977,0.048559,-0.034186,-0.013907,0.076727,-0.0028361,0.048308,-0.049589,-0.049843,-0.171,-0.080522,-0.014185,-0.27151,0.37689,0.25674,0.33778,-0.071972,-0.40112,-0.77437
26,-0.14137,0.0049853,0.12225,-0.027588,-0.092832,0.28421,0.075037,-0.21073,0.0034982,-0.1482,0.33754,-0.11839,-0.19971,-0.020877,0.10108,-0.51519,-0.37163,0.020134,-0.3651,-0.67679
21,0.020049,-0.1399,0.025133,-0.24858,0.23329,0.081028,0.056012,-0.1022,0.040214,0.12492,-0.23925,0.11475,0.049129,-0.38458,0.0051529,-0.3339,0.16704,0.50168,-0.12145,-0.6844
12,-0.062021,-0.056572,-0.087163,0.089611,-0.10688,0.006309,-0.087923,-0.12751,0.26556,-0.15509,-0.010793,0.08534,-0.056526,-0.35905,-0.23145,-0.32987,0.13314,0.055885,-0.79702,-0.5236
23,-0.035294,0.14185,-0.14122,0.071758,0.093323,0.01535,0.1294,-0.074154,-0.14329,0.090212,0.21981,-0.4283,0.38681,-0.30307,-0.43803,0.18564,-0.46764,-0.24352,0.21164,-0.47747
3,-0.092045,-0.035928,0.06409,0.041712,0.041394,-0.10399,-0.14479,-0.0506,-0.069845,0.29553,0.32081,-0.3934,-0.089194,-0.11177,-0.34069,0.40965,0.25355,-0.16875,0.15307,-0.62426
32,0.034466,0.20246,-0.069745,0.062071,0.037687,0.37803,-0.090448,-0.051261,0.20763,-0.11702,0.26069,-0.23154,-0.070139,-0.1398,-0.022835,0.16675,-0.053826,-0.070722,0.19197,-0.66998
28,0.14583,0.15128,0.15003,0.043395,-0.015069,0.093017,0.23455,-0.25015,0.19752,-0.18863,-0.12265,0.057948,0.13913,-0.44791,-0.41528,0.19884,-0.35322,0.2213,-0.20919,-0.61906
46,0.1357,0.20333,0.044477,-0.082633,-0.073038,0.038187,-0.17743,0.020189,0.090395,0.14442,-0.17322,-0.12683,0.12161,-0.096527,0.043926,-0.17466,0.089652,0.48012,-0.51464,-0.68883
2,-0.073852,-0.025396,-0.098639,0.12412,-0.028864,-0.13816,-0.094706,0.016912,0.0069316,-0.098761,0.031304,0.048498,0.032224,0.32528,-0.13524,-0.17229,-0.097712,0.68131,0.2417,-0.68336
20,-0.0038565,-0.08129,0.031646,-0.054842,-0.04073,0.11106,0.087535,-0.046486,-0.0065201,0.28859,-0.019918,0.15638,0.06478,0.015097,0.14095,-0.19245,0.68168,-0.27401,-0.084249,-0.68487
27,0.083032,-0.17592,-0.052573,-0.084966,0.17901,0.37528,-0.19015,0.12257,0.078443,-0.23169,0.094545,-0.0055545,-0.15577,-0.13093,-0.010896,0.2991,-0.09926,-0.21741,0.18402,-0.73232
34,0.032399,0.08884,0.13075,0.28001,-0.12954,0.020585,-0.079249,0.19723,-0.037947,-0.10813,-0.13753,-0.25355,-0.31135,0.13054,-0.54517,0.27201,0.0034747,0.17683,0.20681,-0.66924
11,-0.057467,-0.059006,-0.022766,-0.061385,-0.10899,0.061186,-0.10201,-0.2239,0.013593,0.089576,-0.0015056,-0.19559,-0.12969,0.038286,0.46648,-0.28304,-0.48688,-0.098939,0.43386,-0.54429
13,0.11558,0.046431,0.11818,-0.028469,0.056861,-0.14281,0.072038,-0.19478,-0.041711,-0.19651,-0.061825,-0.040646,-0.071854,0.10764,-0.3032,-0.2047,0.22959,0.55197,0.24066,-0.69563
1,-0.054061,0.021227,-0.036542,-0.11149,0.063383,0.0096729,-0.1041,-0.055016,-0.11407,-0.19857,-0.00043729,0.053225,0.12355,0.35849,0.15286,0.017628,0.1596,-0.35373,-0.31368,-0.84335
9,-0.12028,0.12378,-0.039356,-0.11576,0.11035,-0.053638,0.062183,-0.0050141,-0.084388,-0.07289,-0.10652,0.098143,-0.0068928,0.24153,-0.037564,-0.11805,0.50446,0.27831,0.29171,-0.76787
21,0.086533,0.041212,0.041469,0.10017,-0.1189,0.03519,-0.0093087,0.090754,-0.055437,0.28467,0.021602,-0.27775,0.15417,0.10569,0.15109,-0.3331,0.04082,0.45251,-0.31536,-0.75615
2,0.031031,-0.0097209,0.031576,0.094729,-0.030245,-0.080754,-0.040714,0.12919,-0.015926,0.065756,0.25446,0.10392,-0.049276,0.16925,-0.18425,-0.27391,-0.48708,0.61339,0.17459,-0.63101
8,-0.0045533,-0.12183,-0.055536,0.032425,-0.126,-0.028417,0.051811,0.029279,0.0040668,-0.17093,0.24387,0.11428,-0.21685,-0.18545,-0.036336,0.18324,0.45399,-0.50632,-0.14125,-0.71555
1,-0.041183,0.14153,0.011748,0.029479,-0.0011539,-0.12731,0.052847,0.23968,0.079184,-0.04009,-0.14345,-0.0023915,-0.22288,-0.13783,0.28946,0.15012,-0.12878,-0.13031,-0.5415,-0.76531
8,-0.10374,-0.1175,0.075232,-0.080517,-0.046764,0.016646,-0.083723,-0.0091707,-0.036361,-0.060506,0.14037,0.11129,-0.093762,-0.31422,-0.12768,0.14694,0.53952,-0.59109,-0.079849,-0.6843
2,0.064063,-0.099977,0.059608,0.0041665,-0.097881,-0.034522,0.1087,0.1019,0.028758,0.10002,0.11741,0.0031145,0.038772,0.052651,-0.00042787,-0.32843,-0.091578,0.71633,-0.0045996,-0.70556
1,-0.12815,0.072525,-0.13448,-0.027667,-0.098414,0.081982,-0.081268,0.04357,-0.078324,0.14544,-0.094026,0.10799,-0.081168,0.18337,-0.42597,-0.55165,0.43215,-0.00087423,-0.20715,-0.68136
36,0.026624,0.11728,0.047471,-0.22674,-0.0093777,0.00010623,-0.090016,-0.088397,-0.11706,0.13667,0.012703,0.42495,0.13149,0.077466,-0.17041,0.47301,-0.093165,0.008613,0.44391,-0.68417
44,0.043169,-0.01055,0.098909,-0.12412,0.12067,0.15454,0.047319,0.21552,0.14469,0.1321,-0.13007,0.05556,0.1186,0.59458,-0.25805,-0.042864,-0.19861,-0.10728,-0.047737,-0.78397
15,0.088181,-0.036706,0.16332,-0.0079628,-0.0063588,-0.11022,-0.019379,0.017869,-0.046256,0.16041,0.1696,0.19433,0.18072,0.38134,0.067003,0.16909,-0.23463,-0.053258,0.59074,-0.67524
3,-0.11983,0.15624,0.011278,0.041902,-0.11074,-0.19149,-0.040163,-0.012567,0.18092,0.1275,0.24425,-0.058431,-0.2212,-0.16443,-0.4612,0.46192,0.19912,-0.33568,0.10241,-0.5602
13,0.05132,0.025678,0.044345,-0.061747,0.15575,-0.19761,0.081098,-0.16396,0.036859,-0.04287,-0.13559,-0.053151,-0.16551,0.14241,-0.24668,-0.089378,0.28116,0.44959,0.29865,-0.73437
2,0.037072,-0.11078,0.078318,0.092079,-0.072042,-0.11849,0.022573,-0.028164,-0.021518,0.040563,0.095983,0.072136,0.038072,0.085276,-0.086587,-0.18829,-0.021038,0.73494,0.22754,-0.69785
23,-0.23183,0.06378,-0.20442,-0.041577,0.15554,0.016002,0.02007,0.17352,-0.092848,0.10554,0.025962,-0.32205,0.26252,-0.42436,-0.49599,0.124,-0.29826,-0.26395,0.15847,-0.53676
1,0.034283,-0.03456,-0.079474,0.0037714,-0.0036336,-0.10197,0.054837,-0.043816,-0.022367,-0.029309,0.16539,0.084387,0.025395,0.34908,0.21548,-0.069769,0.18064,-0.34442,-0.30784,-0.87299
9,0.032258,0.025114,-0.016838,0.046081,-0.019045,-0.022568,0.19353,0.027434,0.13092,-0.2478,0.052762,-0.073368,0.18506,0.2335,0.12119,-0.09677,0.54776,-0.16544,0.12844,-0.80384
1,-0.07912,0.072525,-0.0065321,0.088856,-0.021381,-0.020173,-0.085519,-0.076752,-0.024065,-0.068063,-0.017669,0.10035,0.22531,0.30486,-0.12426,-0.096304,0.46264,-0.27976,-0.28667,-0.78896
7,-0.043483,-0.011343,0.11904,-0.080823,-0.027076,-0.051993,0.13399,-0.012162,0.078171,0.15444,-0.090738,0.035636,-0.18476,0.43902,0.23521,0.089299,-0.13901,-0.14646,0.42306,-0.77821
4,-0.092801,0.027298,0.052628,0.025862,0.12939,-0.18271,-0.07994,-0.0029089,-0.09191,-0.067434,0.047828,-0.21777,0.1239,-0.02234,0.23295,-0.42187,-0.50721,-0.38926,0.44399,-0.45146
7,0.073092,0.060617,0.061241,8.4704e-05,0.038993,-0.075155,-0.071028,0.040746,0.089098,0.12232,-0.28328,0.16469,-0.33107,0.23214,-0.12497,0.17841,0.02995,-0.19866,0.38387,-0.80271
13,-0.057286,-0.050043,-0.087431,-0.074441,0.10111,-0.094776,0.33903,-0.079177,-0.088941,0.065415,-0.15007,-0.14352,-0.47032,0.12379,-0.07748,-0.2044,-0.031592,0.45239,0.021962,-0.72135
35,-0.0017535,-0.054136,0.09979,-0.091953,0.068104,0.016824,0.066294,0.04323,-0.14627,0.20563,-0.013841,0.17767,-0.07089,-0.23212,0.12696,-0.27492,0.28787,0.30865,0.47416,-0.73159
11,-0.0095269,0.11477,0.059048,-0.1727,0.010193,0.072942,0.052925,-0.21253,-0.051065,0.21277,0.060208,-0.22762,-0.028917,-0.0057755,0.36449,-0.52605,-0.25134,-0.18346,0.52717,-0.47544
22,-0.11296,-0.24281,-0.020584,0.17864,0.21359,0.21882,0.074938,0.15709,-0.15985,0.17215,-0.15667,0.049398,0.16905,-0.072562,0.028438,-0.1921,-0.54974,-0.42837,0.22469,-0.6025
24,0.16974,-0.033011,-0.039185,-0.044648,-0.12821,0.10646,-0.029535,0.025671,-0.12156,0.19218,-0.023392,0.2087,0.56622,0.12013,-0.35702,0.1607,-0.27275,0.021982,0.43168,-0.66218
1,-0.0013757,0.10211,0.010565,0.021834,-0.032651,-0.11162,0.0064024,0.20357,-0.13349,-0.042112,-0.12206,-0.14818,-0.17434,-0.061844,0.32614,0.23809,0.052555,-0.21637,-0.51883,-0.76345
2,0.016001,0.0041993,-0.036419,-0.057126,0.060359,-0.024088,-0.0042377,0.10132,-0.096834,-0.076383,-0.01779,0.038877,-0.02927,0.0023186,-0.032311,-0.23773,-0.23111,0.59429,-0.56965,-0.61953
1,-0.050612,0.032857,-0.022536,-0.024441,0.02877,-0.098198,0.028324,0.053527,-0.047406,-0.066821,-0.076612,0.0039513,0.034527,-0.044515,0.3764,0.16709,0.048281,-0.039636,-0.48739,-0.83963
4,-0.024133,-0.017655,0.026073,0.024906,0.06042,-0.11343,-0.12718,-0.16831,-0.035,0.066414,0.0059516,-0.23406,0.082102,0.14729,0.37742,-0.31962,-0.42919,-0.22793,0.50993,-0.54463
15,0.0099672,-0.088966,0.25834,-0.051128,0.069475,-0.12357,0.15372,0.062761,-0.073675,0.11483,0.066114,0.24078,0.090756,0.082001,0.16504,0.03109,-0.39606,-0.45294,0.51697,-0.61055
2,-0.012971,-0.11371,-0.11291,0.15489,0.0271,-0.13727,0.042685,0.29077,-0.024595,-0.25875,0.13206,0.21672,0.028576,0.013342,-0.4198,-0.4585,-0.050252,-0.70079,-0.35215,-0.38211
5,-0.0012279,0.014108,-0.029955,0.025396,-0.042049,0.099677,-0.080874,-0.018108,-0.043013,-0.13798,0.095572,0.076045,0.20115,-0.026824,0.28725,-0.18665,0.21293,0.379,0.44243,-0.7454
3,0.14329,0.17838,-0.2541,-0.22699,-0.0018206,0.072261,0.12281,-0.08766,-0.098562,0.03412,-0.10128,0.019133,0.31959,0.45428,-0.28053,0.19663,-0.31037,-0.066322,-0.011846,-0.69927
